=~=~=~=~=~=~=~=~=~=~=~= PuTTY log 2018.03.14 10:30:00 =~=~=~=~=~=~=~=~=~=~=~=
3gË296
19,155
20,57
21,8
22,28
23,106
24,232
25,375
26,517
27,619
28,675
29,662
30,588
31,466
32,321
33,176
34,69
35,12
36,22
37,89
38,207
39,353
40,496
41,607
42,668
43,669
44,606
45,492
46,346
47,200
48,85
49,19
50,16
51,77
52,186
53,329
54,473
55,594
56,665
57,677
58,620
59,516
60,373
61,226
62,102
63,28
64,13
65,65
66,166
67,307
68,452
69,577
70,656
71,683
72,634
73,538
74,397
75,250
76,121
77,36
78,8
79,52
80,147
81,282
82,426
83,558
84,646
85,685
86,644
87,555
88,421
89,275
90,138
91,46
92,7
93,40
94,127
95,258
96,403
97,539
98,633
99,681
100,655
101,573
102,444
103,298
104,157
105,58
106,9
107,31
108,109
109,232
110,378
111,520
112,622
113,676
114,662
115,590
116,468
117,323
118,176
119,70
120,14
121,22
122,90
123,209
124,355
125,497
126,608
127,670
128,671
129,606
130,491
131,346
132,200
133,84
134,18
135,17
136,77
137,184
138,329
139,473
140,593
141,663
142,674
143,618
144,515
145,371
146,223
147,99
148,26
149,10
150,63
151,164
152,306
153,448
154,573
155,654
156,679
157,631
158,533
159,393
160,248
161,118
162,33
163,6
164,51
165,144
166,280
167,425
168,556
169,643
170,681
171,641
172,553
173,418
174,271
175,136
176,44
177,4
178,38
179,125
180,257
181,401
182,537
183,632
184,680
185,653
186,571
187,443
188,297
189,156
190,57
191,9
192,31
193,108
194,233
195,379
196,521
197,621
198,676
199,663
200,591
201,469
202,323
203,178
204,72
205,15
206,23
207,93
208,212
209,356
210,498
211,610
212,673
213,672
214,607
215,493
216,348
217,201
218,85
219,20
220,18
221,78
222,186
223,332
224,476
225,594
226,664
227,677
228,621
229,516
230,371
231,224
232,101
233,27
234,12
235,65
236,166
237,306
238,450
239,577
240,656
241,681
242,631
243,535
244,396
245,249
246,119
247,36
248,8
249,51
250,146
251,283
252,427
253,557
254,644
255,683
256,644
257,554
258,419
259,272
260,137
261,45
262,5
263,40
264,128
265,257
266,402
267,539
268,634
269,680
270,654
271,571
272,443
273,297
274,156
275,57
276,9
277,30
278,107
279,233
280,379
281,519
282,620
283,675
284,662
285,589
286,466
287,320
288,176
289,69
290,12
291,22
292,91
293,208
294,353
295,497
296,609
297,669
298,668
299,605
300,490
301,345
302,197
303,82
304,18
305,15
306,76
307,185
308,332
309,472
310,591
311,662
312,674
313,617
314,513
315,368
316,222
317,98
318,24
319,10
320,64
321,164
322,305
323,450
324,575
325,654
326,678
327,630
328,534
329,394
330,245
331,117
332,34
333,7
334,51
335,147
336,284
337,427
338,558
339,646
340,684
341,643
342,553
343,419
344,273
345,138
346,45
347,6
348,42
349,129
350,259
351,405
352,542
353,635
354,682
355,656
356,573
357,445
358,298
359,157
360,59
361,10
362,32
363,110
364,237
365,380
366,521
367,623
368,677
369,664
370,590
371,467
372,322
373,177
374,71
375,14
376,25
377,92
378,210
379,356
380,500
381,609
382,671
383,671
384,607
385,492
386,346
387,199
388,85
389,19
390,17
391,78
392,187
393,331
394,475
395,594
396,665
397,676
398,619
399,514
400,370
401,224
402,100
403,26
404,12
405,64
406,165
407,307
408,452
409,575
410,655
411,680
412,631
413,535
414,393
415,247
416,118
417,34
418,7
419,51
420,147
421,282
422,426
423,558
424,645
425,683
426,642
427,553
428,418
429,272
430,136
431,44
432,5
433,39
434,127
435,258
436,403
437,539
438,632
439,679
440,653
441,571
442,441
443,295
444,155
445,56
446,8
447,29
448,109
449,233
450,377
451,521
452,621
453,675
454,661
455,587
456,465
457,320
458,175
459,69
460,12
461,21
462,90
463,209
464,355
465,496
466,607
467,669
468,669
469,605
470,489
471,344
472,198
473,83
474,18
475,16
476,78
477,186
478,331
479,475
480,594
481,663
482,676
483,619
484,515
485,370
486,222
487,99
488,27
489,13
490,65
491,168
492,309
493,451
494,577
495,657
496,683
497,632
498,535
499,395
500,249
501,119
502,36
503,9
504,54
505,148
506,284
507,429
508,560
509,646
510,684
511,644
0,429
1,623
2,675
3,659
4,584
5,461
6,314
7,170
8,66
9,12
10,24
11,95
12,215
13,361
14,503
15,613
16,672
17,669
18,602
19,485
20,340
21,195
22,81
23,18
24,19
25,83
26,193
27,338
28,482
29,601
30,667
31,675
32,617
33,511
34,364
35,218
36,97
37,26
38,14
39,69
40,172
41,315
42,458
43,581
44,659
45,681
46,629
47,531
48,389
49,243
50,113
51,33
52,9
53,57
54,152
55,291
56,434
57,564
58,648
59,683
60,641
61,549
62,411
63,266
64,132
65,43
66,5
67,43
68,133
69,267
70,410
71,546
72,637
73,682
74,650
75,566
76,436
77,290
78,150
79,53
80,8
81,34
82,114
83,241
84,387
85,527
86,625
87,677
88,660
89,585
90,458
91,313
92,169
93,67
94,11
95,24
96,96
97,217
98,361
99,505
100,613
101,672
102,666
103,601
104,483
105,338
106,190
107,78
108,17
109,18
110,80
111,192
112,338
113,481
114,598
115,665
116,673
117,615
118,506
119,361
120,215
121,94
122,22
123,12
124,67
125,171
126,313
127,457
128,580
129,657
130,677
131,626
132,527
133,386
134,238
135,111
136,30
137,7
138,53
139,151
140,289
141,432
142,562
143,647
144,681
145,639
146,545
147,410
148,264
149,130
150,40
151,4
152,43
153,133
154,265
155,410
156,545
157,637
158,681
159,651
160,565
161,436
162,288
163,150
164,53
165,9
166,34
167,115
168,243
169,388
170,528
171,629
172,679
173,662
174,584
175,461
176,314
177,172
178,67
179,13
180,27
181,99
182,219
183,365
184,507
185,615
186,673
187,669
188,602
189,485
190,338
191,191
192,80
193,19
194,19
195,83
196,195
197,340
198,483
199,600
200,667
201,675
202,614
203,507
204,362
205,216
206,94
207,24
208,13
209,70
210,173
211,316
212,459
213,583
214,658
215,679
216,627
217,529
218,385
219,239
220,112
221,32
222,8
223,56
224,153
225,292
226,435
227,565
228,649
229,683
230,638
231,546
232,410
233,264
234,129
235,41
236,4
237,44
238,133
239,267
240,411
241,546
242,636
243,681
244,650
245,565
246,432
247,287
248,148
249,53
250,6
251,32
252,115
253,243
254,386
255,527
256,625
257,677
258,658
259,582
260,457
261,312
262,167
263,64
264,10
265,25
266,96
267,217
268,362
269,505
270,612
271,671
272,666
273,599
274,479
275,335
276,188
277,78
278,15
279,17
280,81
281,193
282,338
283,482
284,598
285,665
286,671
287,613
288,504
289,360
290,212
291,92
292,22
293,12
294,68
295,172
296,315
297,459
298,582
299,659
300,679
301,627
302,527
303,385
304,238
305,112
306,31
307,9
308,57
309,155
310,292
311,437
312,566
313,651
314,682
315,640
316,547
317,412
318,264
319,132
320,42
321,7
322,45
323,136
324,270
325,414
326,548
327,639
328,683
329,652
330,565
331,435
332,288
333,151
334,53
335,9
336,35
337,117
338,244
339,389
340,529
341,628
342,678
343,661
344,583
345,459
346,311
347,169
348,66
349,13
350,26
351,98
352,219
353,365
354,507
355,615
356,673
357,668
358,600
359,482
360,336
361,191
362,78
363,17
364,19
365,83
366,195
367,340
368,483
369,601
370,666
371,673
372,614
373,508
374,360
375,213
376,93
377,24
378,12
379,69
380,173
381,317
382,459
383,583
384,658
385,679
386,625
387,526
388,384
389,238
390,109
391,30
392,8
393,56
394,153
395,291
396,435
397,565
398,648
399,681
400,637
401,545
402,408
403,261
404,128
405,40
406,4
407,43
408,134
409,268
410,411
411,546
412,637
413,681
414,649
415,563
416,431
417,286
418,146
419,51
420,6
421,33
422,114
423,242
424,387
425,527
426,624
427,676
428,658
429,581
430,456
431,310
432,167
433,64
434,10
435,25
436,97
437,219
438,364
439,507
440,613
441,673
442,666
443,599
444,481
445,336
446,188
447,78
448,17
449,20
450,83
451,196
452,341
453,485
454,601
455,668
456,675
457,616
458,505
459,361
460,214
461,95
462,24
463,15
464,71
465,176
466,318
467,462
468,585
469,661
470,678
471,627
472,528
473,386
474,238
475,111
476,32
477,10
478,57
479,155
480,296
481,438
482,566
483,651
484,683
485,640
486,545
487,409
488,263
489,130
490,41
491,6
492,45
493,136
494,268
495,413
496,548
497,639
498,682
499,650
500,565
501,433
502,286
503,148
504,52
505,8
506,34
507,117
508,244
509,390
510,529
511,627
0,153
1,17
2,23
3,87
4,203
5,348
6,492
7,605
8,670
9,673
10,613
11,500
12,355
13,209
14,91
15,22
16,15
17,74
18,180
19,323
20,467
21,589
22,663
23,678
24,624
25,523
26,380
27,232
28,106
29,29
30,11
31,60
32,159
33,299
34,443
35,570
36,653
37,682
38,637
39,541
40,403
41,257
42,126
43,37
44,6
45,47
46,140
47,274
48,419
49,552
50,641
51,682
52,647
53,559
54,428
55,280
56,143
57,49
58,7
59,36
60,120
61,249
62,395
63,533
64,629
65,679
66,657
67,576
68,450
69,305
70,163
71,60
72,10
73,27
74,102
75,225
76,371
77,512
78,617
79,673
80,665
81,594
82,475
83,328
84,182
85,73
86,15
87,19
88,85
89,200
90,346
91,489
92,603
93,667
94,671
95,609
96,497
97,352
98,206
99,87
100,20
101,13
102,72
103,177
104,321
105,465
106,587
107,660
108,675
109,621
110,520
111,376
112,230
113,104
114,28
115,8
116,59
117,158
118,298
119,442
120,569
121,651
122,681
123,634
124,540
125,402
126,257
127,123
128,38
129,6
130,48
131,140
132,275
133,419
134,553
135,641
136,683
137,648
138,561
139,427
140,281
141,144
142,51
143,7
144,38
145,123
146,252
147,397
148,535
149,632
150,681
151,658
152,579
153,452
154,306
155,163
156,62
157,11
158,30
159,104
160,227
161,373
162,516
163,618
164,675
165,666
166,597
167,474
168,329
169,183
170,76
171,15
172,21
173,88
174,204
175,348
176,491
177,605
178,669
179,671
180,610
181,498
182,354
183,206
184,88
185,21
186,15
187,73
188,180
189,324
190,468
191,588
192,661
193,677
194,623
195,520
196,377
197,230
198,105
199,27
200,10
201,60
202,160
203,299
204,443
205,570
206,653
207,681
208,634
209,539
210,401
211,253
212,123
213,36
214,6
215,47
216,140
217,275
218,420
219,554
220,641
221,682
222,646
223,556
224,424
225,278
226,142
227,46
228,5
229,36
230,122
231,250
232,395
233,533
234,629
235,678
236,655
237,575
238,449
239,301
240,160
241,59
242,9
243,27
244,103
245,226
246,372
247,513
248,617
249,673
250,663
251,591
252,471
253,326
254,180
255,71
256,13
257,20
258,87
259,202
260,348
261,490
262,605
263,667
264,670
265,609
266,497
267,350
268,204
269,87
270,21
271,14
272,74
273,181
274,325
275,468
276,589
277,663
278,678
279,622
280,521
281,377
282,231
283,105
284,29
285,12
286,63
287,162
288,303
289,446
290,573
291,654
292,683
293,636
294,541
295,401
296,256
297,124
298,39
299,7
300,50
301,143
302,278
303,422
304,555
305,643
306,684
307,646
308,559
309,425
310,280
311,142
312,49
313,7
314,39
315,123
316,253
317,398
318,536
319,631
320,680
321,656
322,577
323,448
324,303
325,162
326,62
327,10
328,29
329,105
330,229
331,373
332,516
333,619
334,676
335,664
336,594
337,473
338,328
339,180
340,73
341,14
342,22
343,87
344,204
345,349
346,492
347,605
348,669
349,671
350,609
351,495
352,351
353,204
354,88
355,20
356,15
357,74
358,181
359,324
360,468
361,589
362,662
363,675
364,621
365,519
366,376
367,227
368,103
369,27
370,10
371,60
372,160
373,300
374,445
375,570
376,652
377,680
378,634
379,537
380,398
381,252
382,122
383,35
384,5
385,47
386,141
387,275
388,421
389,553
390,641
391,681
392,644
393,555
394,423
395,275
396,139
397,46
398,5
399,36
400,122
401,251
402,397
403,534
404,630
405,678
406,656
407,574
408,447
409,302
410,161
411,59
412,9
413,28
414,105
415,228
416,374
417,516
418,620
419,674
420,665
421,595
422,473
423,327
424,181
425,74
426,16
427,22
428,90
429,206
430,352
431,494
432,608
433,671
434,673
435,609
436,498
437,351
438,206
439,88
440,22
441,17
442,77
443,183
444,327
445,471
446,592
447,663
448,677
449,622
450,521
451,375
452,229
453,103
454,29
455,11
456,62
457,163
458,303
459,447
460,573
461,654
462,682
463,633
464,539
465,399
466,253
467,121
468,36
469,7
470,50
471,143
472,279
473,423
474,556
475,642
476,683
477,645
478,557
479,422
480,276
481,140
482,47
483,5
484,38
485,124
486,254
487,398
488,536
489,631
490,680
491,655
492,574
493,447
494,301
495,158
496,59
497,9
498,29
499,105
500,229
501,375
502,517
503,618
504,675
505,663
506,592
507,469
508,324
509,178
510,72
511,13
0,14
1,65
2,166
3,308
4,452
5,576
6,655
7,681
8,630
9,534
10,394
11,248
12,117
13,34
14,7
15,52
16,146
17,283
18,427
19,559
20,644
21,683
22,643
23,553
24,417
25,271
26,135
27,45
28,4
29,40
30,127
31,259
32,403
33,540
34,633
35,680
36,652
37,570
38,441
39,296
40,154
41,56
42,8
43,31
44,108
45,234
46,379
47,521
48,620
49,675
50,661
51,589
52,464
53,319
54,174
55,69
56,12
57,22
58,91
59,210
60,354
61,497
62,608
63,669
64,667
65,603
66,488
67,344
68,195
69,82
70,17
71,16
72,76
73,185
74,330
75,474
76,592
77,663
78,673
79,620
80,512
81,369
82,222
83,99
84,25
85,11
86,64
87,167
88,307
89,451
90,577
91,656
92,678
93,631
94,534
95,395
96,246
97,117
98,35
99,9
100,53
101,149
102,285
103,429
104,560
105,647
106,685
107,645
108,553
109,419
110,273
111,138
112,45
113,7
114,42
115,130
116,261
117,405
118,542
119,636
120,681
121,655
122,571
123,443
124,295
125,156
126,57
127,10
128,31
129,110
130,236
131,381
132,522
133,623
134,677
135,664
136,588
137,465
138,322
139,176
140,69
141,13
142,24
143,93
144,211
145,357
146,499
147,611
148,670
149,669
150,605
151,490
152,343
153,197
154,83
155,20
156,16
157,78
158,187
159,333
160,475
161,594
162,664
163,676
164,617
165,513
166,368
167,222
168,97
169,25
170,11
171,65
172,166
173,307
174,451
175,577
176,655
177,679
178,629
179,533
180,391
181,245
182,115
183,34
184,6
185,51
186,147
187,283
188,427
189,559
190,645
191,683
192,640
193,550
194,415
195,270
196,134
197,43
198,4
199,40
200,127
201,259
202,403
203,540
204,632
205,679
206,652
207,569
208,438
209,293
210,153
211,55
212,6
213,30
214,109
215,235
216,379
217,521
218,621
219,676
220,660
221,587
222,463
223,318
224,172
225,68
226,12
227,23
228,92
229,211
230,356
231,500
232,609
233,671
234,669
235,605
236,488
237,343
238,197
239,84
240,18
241,18
242,80
243,190
244,334
245,478
246,597
247,666
248,676
249,618
250,514
251,370
252,222
253,99
254,27
255,14
256,67
257,169
258,311
259,455
260,579
261,658
262,681
263,631
264,533
265,393
266,246
267,118
268,34
269,8
270,54
271,150
272,286
273,431
274,561
275,647
276,683
277,643
278,552
279,417
280,269
281,135
282,44
283,6
284,41
285,130
286,262
287,407
288,542
289,635
290,681
291,654
292,569
293,440
294,294
295,154
296,55
297,8
298,32
299,111
300,236
301,382
302,523
303,623
304,676
305,661
306,587
307,464
308,316
309,173
310,68
311,13
312,23
313,93
314,213
315,358
316,500
317,610
318,671
319,669
320,602
321,487
322,341
323,195
324,81
325,17
326,16
327,79
328,188
329,334
330,477
331,596
332,664
333,674
334,616
335,511
336,365
337,218
338,96
339,25
340,10
341,65
342,167
343,309
344,454
345,577
346,656
347,679
348,627
349,530
350,390
351,243
352,113
353,32
354,6
355,52
356,147
357,284
358,429
359,559
360,644
361,682
362,639
363,550
364,413
365,267
366,133
367,43
368,3
369,40
370,130
371,262
372,405
373,542
374,635
375,681
376,651
377,569
378,439
379,294
380,152
381,55
382,9
383,33
384,111
385,239
386,383
387,525
388,624
389,677
390,663
391,589
392,464
393,318
394,175
395,70
396,14
397,26
398,95
399,216
400,360
401,503
402,613
403,673
404,669
405,605
406,488
407,344
408,195
409,82
410,19
411,19
412,80
413,191
414,335
415,479
416,596
417,665
418,675
419,618
420,510
421,366
422,220
423,98
424,25
425,12
426,67
427,170
428,311
429,455
430,579
431,658
432,679
433,629
434,531
435,391
436,242
437,114
438,33
439,8
440,53
441,149
442,287
443,431
444,561
445,647
446,683
447,641
448,548
449,413
450,267
451,133
452,42
453,4
454,41
455,131
456,262
457,407
458,542
459,636
460,680
461,651
462,567
463,438
464,290
465,151
466,54
467,8
468,31
469,111
470,238
471,383
472,523
473,623
474,676
475,661
476,584
477,461
478,315
479,171
480,66
481,11
482,23
483,94
484,213
485,359
486,501
487,611
488,670
489,667
490,601
491,485
492,338
493,194
494,79
495,17
496,16
497,78
498,189
499,335
500,478
501,595
502,663
503,673
504,614
505,508
506,363
507,218
508,94
509,23
510,11
511,67
0,522
1,649
2,682
3,639
4,545
5,409
6,263
7,130
8,40
9,4
10,43
11,135
12,266
13,411
14,546
15,637
16,680
17,649
18,563
19,433
20,286
21,147
22,52
23,7
24,33
25,115
26,242
27,388
28,526
29,625
30,677
31,659
32,580
33,456
34,311
35,168
36,63
37,10
38,24
39,97
40,218
41,363
42,505
43,613
44,671
45,665
46,599
47,481
48,334
49,188
50,77
51,16
52,17
53,82
54,194
55,340
56,482
57,599
58,666
59,674
60,613
61,505
62,361
63,214
64,92
65,23
66,13
67,70
68,173
69,316
70,460
71,584
72,659
73,680
74,630
75,529
76,386
77,239
78,112
79,33
80,10
81,59
82,155
83,294
84,437
85,567
86,651
87,685
88,639
89,547
90,411
91,265
92,130
93,42
94,6
95,45
96,135
97,269
98,413
99,548
100,638
101,683
102,651
103,566
104,434
105,288
106,149
107,54
108,7
109,34
110,116
111,244
112,388
113,529
114,627
115,679
116,659
117,583
118,458
119,313
120,168
121,65
122,11
123,27
124,97
125,219
126,364
127,507
128,614
129,673
130,667
131,600
132,480
133,336
134,189
135,79
136,16
137,19
138,82
139,196
140,339
141,483
142,600
143,667
144,672
145,613
146,504
147,360
148,212
149,92
150,22
151,13
152,68
153,173
154,315
155,460
156,582
157,658
158,677
159,626
160,525
161,383
162,237
163,110
164,29
165,8
166,55
167,153
168,291
169,435
170,564
171,649
172,681
173,637
174,544
175,407
176,260
177,128
178,39
179,4
180,42
181,133
182,267
183,412
184,545
185,637
186,681
187,649
188,562
189,431
190,285
191,147
192,50
193,6
194,33
195,115
196,242
197,387
198,527
199,626
200,677
201,659
202,581
203,457
204,310
205,167
206,65
207,12
208,26
209,98
210,220
211,366
212,512
213,615
214,674
215,668
216,600
217,481
218,337
219,191
220,79
221,18
222,20
223,85
224,197
225,343
226,486
227,603
228,667
229,675
230,615
231,507
232,360
233,214
234,94
235,25
236,14
237,71
238,174
239,318
240,461
241,584
242,659
243,680
244,627
245,527
246,385
247,239
248,110
249,31
250,9
251,58
252,154
253,293
254,437
255,566
256,649
257,683
258,639
259,547
260,408
261,263
262,130
263,41
264,5
265,45
266,135
267,269
268,413
269,547
270,638
271,682
272,650
273,563
274,433
275,288
276,147
277,52
278,7
279,35
280,116
281,244
282,392
283,529
284,626
285,677
286,659
287,583
288,456
289,311
290,167
291,65
292,10
293,25
294,97
295,219
296,363
297,507
298,613
299,673
300,666
301,599
302,481
303,336
304,187
305,77
306,16
307,18
308,82
309,194
310,339
311,484
312,599
313,665
314,672
315,613
316,503
317,359
318,212
319,92
320,21
321,12
322,68
323,173
324,315
325,459
326,584
327,658
328,676
329,625
330,525
331,383
332,235
333,108
334,29
335,8
336,55
337,153
338,292
339,436
340,564
341,649
342,681
343,638
344,545
345,407
346,261
347,129
348,39
349,5
350,45
351,136
352,268
353,413
354,548
355,640
356,682
357,650
358,564
359,434
360,286
361,149
362,53
363,9
364,35
365,118
366,245
367,391
368,530
369,628
370,680
371,662
372,583
373,458
374,312
375,170
376,66
377,13
378,27
379,100
380,221
381,366
382,509
383,616
384,674
385,668
386,600
387,482
388,335
389,189
390,78
391,18
392,19
393,84
394,197
395,343
396,485
397,602
398,667
399,675
400,614
401,505
402,360
403,214
404,92
405,23
406,14
407,71
408,174
409,317
410,461
411,585
412,659
413,679
414,626
415,527
416,383
417,237
418,109
419,31
420,8
421,57
422,155
423,294
424,437
425,566
426,650
427,682
428,637
429,545
430,407
431,261
432,127
433,39
434,4
435,45
436,135
437,269
438,413
439,548
440,638
441,681
442,649
443,563
444,430
445,284
446,146
447,52
448,6
449,34
450,116
451,246
452,389
453,528
454,626
455,678
456,657
457,580
458,454
459,310
460,165
461,63
462,10
463,25
464,97
465,219
466,365
467,508
468,613
469,672
470,665
471,598
472,477
473,332
474,186
475,76
476,14
477,18
478,82
479,196
480,340
481,484
482,599
483,667
484,671
485,611
486,503
487,359
488,210
489,91
490,22
491,14
492,70
493,175
494,318
495,462
496,585
497,660
498,678
499,627
500,525
501,383
502,237
503,111
504,31
505,10
506,58
507,157
508,294
509,440
510,568
511,652
0,42
1,121
2,250
3,394
4,533
5,628
6,678
7,654
8,575
9,448
10,303
11,159
12,59
13,9
14,27
15,102
16,226
17,371
18,514
19,616
20,673
21,663
22,595
23,472
24,327
25,181
26,74
27,14
28,20
29,87
30,203
31,348
32,491
33,605
34,669
35,671
36,610
37,498
38,354
39,205
40,88
41,22
42,17
43,74
44,181
45,325
46,470
47,590
48,663
49,679
50,625
51,521
52,378
53,232
54,107
55,29
56,11
57,64
58,161
59,301
60,445
61,572
62,655
63,682
64,635
65,540
66,403
67,254
68,124
69,38
70,7
71,49
72,142
73,277
74,422
75,554
76,643
77,683
78,648
79,558
80,425
81,279
82,143
83,48
84,6
85,37
86,123
87,252
88,397
89,535
90,631
91,679
92,657
93,576
94,450
95,302
96,161
97,61
98,11
99,28
100,104
101,227
102,373
103,514
104,618
105,674
106,665
107,593
108,473
109,327
110,182
111,72
112,14
113,20
114,88
115,203
116,348
117,491
118,605
119,667
120,671
121,608
122,497
123,350
124,204
125,86
126,20
127,14
128,73
129,180
130,325
131,467
132,588
133,661
134,676
135,619
136,518
137,375
138,228
139,102
140,27
141,9
142,61
143,159
144,300
145,443
146,571
147,651
148,679
149,633
150,538
151,397
152,251
153,121
154,36
155,4
156,47
157,140
158,276
159,420
160,552
161,641
162,683
163,643
164,556
165,423
166,277
167,139
168,47
169,5
170,38
171,122
172,252
173,397
174,536
175,630
176,680
177,656
178,576
179,448
180,302
181,161
182,62
183,10
184,30
185,106
186,230
187,375
188,517
189,621
190,677
191,666
192,595
193,474
194,329
195,181
196,75
197,16
198,24
199,89
200,206
201,351
202,494
203,607
204,671
205,672
206,612
207,496
208,352
209,205
210,89
211,21
212,16
213,75
214,183
215,327
216,470
217,591
218,664
219,677
220,622
221,519
222,377
223,228
224,103
225,28
226,11
227,61
228,162
229,302
230,447
231,572
232,654
233,681
234,635
235,538
236,399
237,253
238,123
239,36
240,6
241,49
242,143
243,277
244,422
245,554
246,644
247,682
248,645
249,556
250,426
251,276
252,140
253,47
254,6
255,37
256,124
257,253
258,399
259,536
260,631
261,679
262,655
263,573
264,446
265,301
266,160
267,58
268,9
269,28
270,105
271,228
272,374
273,516
274,619
275,673
276,662
277,596
278,470
279,323
280,178
281,71
282,14
283,20
284,88
285,204
286,350
287,493
288,605
289,668
290,670
291,606
292,493
293,348
294,202
295,84
296,18
297,14
298,74
299,181
300,325
301,469
302,589
303,660
304,675
305,619
306,517
307,372
308,226
309,101
310,27
311,9
312,62
313,162
314,303
315,446
316,573
317,653
318,681
319,632
320,537
321,398
322,252
323,120
324,36
325,7
326,51
327,144
328,280
329,424
330,557
331,644
332,684
333,646
334,557
335,422
336,277
337,141
338,49
339,7
340,40
341,126
342,257
343,401
344,539
345,633
346,682
347,656
348,575
349,447
350,302
351,158
352,60
353,10
354,31
355,107
356,231
357,377
358,519
359,620
360,676
361,665
362,593
363,470
364,325
365,179
366,73
367,14
368,23
369,90
370,208
371,352
372,495
373,608
374,670
375,670
376,609
377,494
378,349
379,201
380,85
381,20
382,16
383,76
384,184
385,328
386,472
387,591
388,663
389,676
390,621
391,515
392,372
393,225
394,102
395,26
396,10
397,62
398,164
399,303
400,448
401,573
402,655
403,684
404,632
405,536
406,397
407,249
408,119
409,35
410,7
411,49
412,143
413,279
414,424
415,554
416,643
417,682
418,644
419,553
420,420
421,274
422,138
423,44
424,4
425,38
426,125
427,254
428,399
429,537
430,633
431,678
432,653
433,571
434,445
435,296
436,156
437,57
438,8
439,28
440,105
441,229
442,375
443,516
444,619
445,673
446,663
447,589
448,467
449,322
450,177
451,70
452,13
453,21
454,90
455,206
456,352
457,495
458,608
459,669
460,670
461,607
462,493
463,347
464,201
465,85
466,21
467,16
468,76
469,184
470,329
471,472
472,593
473,664
474,677
475,621
476,517
477,374
478,228
479,102
480,28
481,12
482,65
483,165
484,306
485,450
486,576
487,656
488,683
489,635
490,538
491,397
492,251
493,121
494,37
495,7
496,51
497,145
498,282
499,425
500,557
501,645
502,685
503,645
504,555
505,421
506,276
507,139
508,46
509,6
510,40
511,126
0,30
1,92
2,210
3,356
4,499
5,610
6,670
7,671
8,607
9,493
10,346
11,200
12,85
13,21
14,18
15,79
16,188
17,333
18,476
19,596
20,665
21,678
22,619
23,515
24,371
25,225
26,100
27,27
28,12
29,66
30,166
31,308
32,451
33,577
34,656
35,681
36,632
37,536
38,394
39,248
40,118
41,36
42,7
43,52
44,147
45,284
46,427
47,559
48,645
49,684
50,642
51,553
52,418
53,273
54,136
55,45
56,5
57,41
58,128
59,259
60,403
61,541
62,633
63,681
64,653
65,572
66,441
67,298
68,155
69,57
70,8
71,31
72,109
73,235
74,379
75,521
76,621
77,677
78,661
79,588
80,465
81,320
82,174
83,69
84,12
85,23
86,91
87,210
88,355
89,499
90,608
91,669
92,668
93,605
94,488
95,343
96,197
97,83
98,17
99,16
100,77
101,186
102,332
103,474
104,593
105,663
106,673
107,617
108,512
109,368
110,220
111,98
112,24
113,11
114,63
115,165
116,306
117,450
118,575
119,654
120,679
121,629
122,531
123,391
124,245
125,116
126,32
127,6
128,51
129,147
130,282
131,427
132,558
133,645
134,682
135,642
136,551
137,418
138,270
139,135
140,44
141,6
142,40
143,129
144,260
145,405
146,541
147,635
148,681
149,655
150,571
151,443
152,297
153,157
154,58
155,10
156,33
157,112
158,237
159,382
160,523
161,625
162,677
163,664
164,591
165,468
166,320
167,176
168,71
169,15
170,24
171,94
172,213
173,358
174,500
175,611
176,672
177,671
178,605
179,490
180,345
181,199
182,83
183,19
184,17
185,79
186,188
187,333
188,476
189,596
190,665
191,680
192,619
193,514
194,368
195,222
196,99
197,26
198,11
199,65
200,167
201,309
202,452
203,578
204,657
205,681
206,630
207,533
208,392
209,247
210,116
211,34
212,7
213,53
214,147
215,284
216,429
217,559
218,648
219,683
220,641
221,552
222,415
223,269
224,134
225,44
226,4
227,40
228,129
229,261
230,405
231,541
232,633
233,681
234,651
235,569
236,439
237,294
238,152
239,55
240,7
241,31
242,110
243,235
244,381
245,524
246,622
247,675
248,661
249,587
250,462
251,317
252,173
253,68
254,11
255,22
256,92
257,212
258,356
259,499
260,609
261,670
262,667
263,603
264,487
265,342
266,194
267,80
268,17
269,17
270,77
271,187
272,333
273,477
274,594
275,663
276,674
277,617
278,510
279,366
280,220
281,98
282,24
283,12
284,65
285,168
286,309
287,454
288,579
289,658
290,680
291,630
292,533
293,393
294,245
295,117
296,34
297,10
298,54
299,150
300,287
301,432
302,561
303,649
304,685
305,644
306,552
307,417
308,271
309,137
310,44
311,6
312,42
313,131
314,262
315,407
316,543
317,637
318,681
319,653
320,570
321,441
322,294
323,154
324,56
325,10
326,32
327,112
328,237
329,383
330,524
331,624
332,677
333,663
334,586
335,463
336,318
337,174
338,68
339,13
340,24
341,95
342,213
343,358
344,501
345,612
346,671
347,669
348,603
349,488
350,341
351,195
352,81
353,19
354,17
355,79
356,189
357,335
358,477
359,596
360,665
361,675
362,616
363,511
364,365
365,220
366,95
367,24
368,11
369,66
370,168
371,310
372,454
373,579
374,656
375,679
376,629
377,531
378,388
379,243
380,114
381,32
382,6
383,53
384,149
385,286
386,430
387,560
388,645
389,682
390,639
391,549
392,413
393,267
394,131
395,41
396,3
397,41
398,129
399,261
400,406
401,542
402,634
403,679
404,651
405,567
406,436
407,290
408,151
409,54
410,6
411,31
412,110
413,237
414,381
415,523
416,622
417,676
418,662
419,585
420,461
421,316
422,171
423,67
424,12
425,24
426,93
427,214
428,359
429,502
430,611
431,672
432,669
433,604
434,486
435,342
436,195
437,83
438,18
439,19
440,81
441,192
442,336
443,480
444,598
445,668
446,675
447,619
448,512
449,368
450,219
451,98
452,26
453,14
454,68
455,171
456,313
457,457
458,580
459,659
460,681
461,631
462,531
463,391
464,244
465,116
466,33
467,8
468,55
469,151
470,288
471,432
472,562
473,649
474,683
475,641
476,551
477,415
478,267
479,133
480,43
481,6
482,42
483,131
484,263
485,408
486,543
487,636
488,681
489,653
490,567
491,438
492,292
493,153
494,54
495,8
496,32
497,113
498,238
499,384
500,525
501,624
502,676
503,661
504,585
505,462
506,315
507,171
508,67
509,13
510,24
511,94
0,545
1,363
2,214
3,94
4,24
5,14
6,69
7,173
8,315
9,460
10,582
11,659
12,679
13,628
14,528
15,386
16,239
17,113
18,31
19,9
20,56
21,154
22,291
23,435
24,565
25,649
26,682
27,639
28,547
29,411
30,263
31,130
32,41
33,5
34,43
35,134
36,267
37,412
38,546
39,637
40,681
41,651
42,563
43,433
44,287
45,149
46,51
47,7
48,33
49,116
50,242
51,387
52,527
53,625
54,676
55,659
56,582
57,457
58,310
59,167
60,64
61,11
62,24
63,96
64,218
65,363
66,505
67,612
68,672
69,666
70,598
71,481
72,335
73,189
74,76
75,15
76,17
77,82
78,193
79,338
80,481
81,599
82,664
83,672
84,612
85,504
86,358
87,212
88,91
89,22
90,11
91,67
92,171
93,315
94,458
95,581
96,657
97,678
98,625
99,525
100,384
101,238
102,109
103,30
104,8
105,56
106,153
107,292
108,435
109,565
110,648
111,682
112,638
113,547
114,409
115,263
116,130
117,42
118,5
119,45
120,135
121,269
122,413
123,548
124,640
125,684
126,651
127,566
128,435
129,289
130,149
131,53
132,9
133,36
134,117
135,245
136,390
137,530
138,627
139,679
140,661
141,585
142,458
143,312
144,169
145,67
146,12
147,27
148,99
149,221
150,365
151,508
152,615
153,675
154,667
155,601
156,482
157,337
158,189
159,78
160,17
161,20
162,83
163,196
164,341
165,485
166,600
167,667
168,674
169,614
170,505
171,360
172,213
173,93
174,23
175,13
176,69
177,174
178,316
179,460
180,583
181,660
182,678
183,626
184,527
185,385
186,236
187,110
188,30
189,9
190,56
191,154
192,292
193,437
194,564
195,649
196,682
197,638
198,544
199,407
200,261
201,129
202,39
203,4
204,44
205,135
206,268
207,413
208,547
209,637
210,680
211,649
212,563
213,432
214,284
215,147
216,51
217,7
218,33
219,115
220,243
221,388
222,527
223,625
224,677
225,659
226,580
227,455
228,309
229,167
230,62
231,10
232,25
233,97
234,218
235,364
236,506
237,613
238,671
239,667
240,597
241,480
242,333
243,187
244,76
245,16
246,18
247,83
248,195
249,341
250,484
251,600
252,667
253,674
254,612
255,503
256,359
257,214
258,92
259,23
260,14
261,71
262,175
263,318
264,462
265,585
266,662
267,680
268,627
269,528
270,384
271,238
272,111
273,33
274,10
275,59
276,157
277,296
278,439
279,568
280,651
281,684
282,638
283,546
284,409
285,263
286,128
287,41
288,6
289,46
290,137
291,270
292,415
293,550
294,639
295,683
296,650
297,565
298,431
299,286
300,147
301,53
302,7
303,35
304,118
305,246
306,390
307,530
308,627
309,679
310,658
311,581
312,457
313,311
314,166
315,64
316,11
317,27
318,98
319,221
320,366
321,510
322,614
323,673
324,667
325,599
326,478
327,334
328,187
329,77
330,15
331,19
332,83
333,197
334,341
335,485
336,601
337,667
338,672
339,612
340,503
341,359
342,210
343,91
344,22
345,13
346,69
347,174
348,317
349,461
350,583
351,659
352,677
353,625
354,523
355,381
356,235
357,109
358,28
359,8
360,56
361,155
362,292
363,437
364,565
365,649
366,680
367,636
368,543
369,406
370,258
371,126
372,38
373,4
374,43
375,135
376,268
377,413
378,547
379,637
380,681
381,649
382,561
383,429
384,283
385,146
386,49
387,6
388,34
389,117
390,244
391,390
392,529
393,627
394,677
395,660
396,581
397,456
398,308
399,165
400,64
401,12
402,26
403,100
404,223
405,369
406,510
407,617
408,675
409,668
410,599
411,480
412,335
413,189
414,78
415,18
416,21
417,86
418,199
419,345
420,488
421,604
422,669
423,674
424,614
425,505
426,358
427,211
428,92
429,24
430,14
431,72
432,176
433,320
434,463
435,586
436,661
437,680
438,625
439,525
440,382
441,237
442,108
443,30
444,10
445,59
446,156
447,295
448,439
449,568
450,650
451,684
452,638
453,544
454,406
455,260
456,127
457,40
458,5
459,46
460,137
461,271
462,415
463,549
464,639
465,683
466,648
467,562
468,430
469,284
470,145
471,50
472,7
473,35
474,118
475,246
476,391
477,531
478,627
479,678
480,658
481,581
482,453
483,307
484,165
485,64
486,10
487,26
488,99
489,222
490,366
491,509
492,615
493,673
494,664
495,597
496,477
497,332
498,184
499,75
500,15
501,19
502,83
503,198
504,343
505,486
506,600
507,666
508,671
509,612
510,500
511,355
0,588
1,682
2,636
3,543
4,404
5,258
6,126
7,39
8,5
9,45
10,137
11,272
12,415
13,549
14,639
15,684
16,647
17,560
18,428
19,283
20,143
21,49
22,6
23,35
24,118
25,247
26,392
27,531
28,626
29,677
30,657
31,579
32,451
33,307
34,163
35,62
36,9
37,26
38,100
39,223
40,367
41,509
42,615
43,673
44,664
45,595
46,475
47,331
48,182
49,74
50,14
51,19
52,83
53,198
54,343
55,487
56,601
57,666
58,670
59,610
60,498
61,354
62,207
63,89
64,20
65,13
66,71
67,176
68,320
69,463
70,585
71,660
72,676
73,623
74,523
75,380
76,232
77,106
78,29
79,10
80,59
81,158
82,297
83,442
84,569
85,652
86,683
87,637
88,542
89,405
90,259
91,128
92,39
93,7
94,48
95,141
96,274
97,419
98,552
99,642
100,683
101,649
102,561
103,431
104,282
105,145
106,51
107,8
108,36
109,121
110,249
111,394
112,533
113,630
114,679
115,660
116,579
117,453
118,307
119,165
120,62
121,11
122,28
123,102
124,224
125,370
126,512
127,617
128,674
129,666
130,597
131,477
132,330
133,185
134,75
135,16
136,20
137,86
138,200
139,346
140,488
141,603
142,667
143,673
144,610
145,499
146,355
147,209
148,88
149,21
150,14
151,72
152,177
153,321
154,465
155,587
156,660
157,677
158,623
159,523
160,378
161,232
162,106
163,29
164,9
165,58
166,157
167,297
168,440
169,568
170,651
171,681
172,634
173,541
174,402
175,257
176,123
177,37
178,4
179,46
180,138
181,272
182,416
183,550
184,638
185,681
186,646
187,559
188,426
189,280
190,142
191,49
192,5
193,34
194,118
195,247
196,392
197,531
198,627
199,678
200,655
201,576
202,450
203,305
204,161
205,60
206,9
207,27
208,100
209,223
210,369
211,511
212,616
213,673
214,665
215,596
216,474
217,329
218,184
219,74
220,14
221,20
222,86
223,201
224,346
225,489
226,603
227,669
228,672
229,611
230,500
231,356
232,208
233,90
234,22
235,16
236,73
237,180
238,323
239,468
240,588
241,663
242,679
243,626
244,522
245,380
246,234
247,108
248,29
249,10
250,60
251,160
252,299
253,443
254,570
255,653
256,682
257,636
258,542
259,405
260,256
261,125
262,38
263,7
264,47
265,140
266,274
267,419
268,552
269,641
270,683
271,648
272,559
273,427
274,281
275,144
276,48
277,6
278,36
279,121
280,249
281,395
282,533
283,630
284,678
285,657
286,577
287,452
288,304
289,162
290,61
291,10
292,27
293,102
294,225
295,371
296,512
297,617
298,673
299,665
300,594
301,474
302,330
303,183
304,73
305,14
306,19
307,86
308,200
309,346
310,489
311,604
312,667
313,671
314,609
315,499
316,352
317,206
318,87
319,21
320,13
321,71
322,177
323,322
324,464
325,586
326,659
327,676
328,620
329,519
330,377
331,231
332,103
333,27
334,8
335,59
336,157
337,297
338,441
339,569
340,650
341,679
342,633
343,539
344,400
345,254
346,122
347,36
348,4
349,45
350,138
351,273
352,418
353,550
354,640
355,682
356,645
357,558
358,425
359,280
360,142
361,48
362,6
363,37
364,121
365,250
366,395
367,534
368,629
369,679
370,658
371,579
372,450
373,305
374,163
375,63
376,11
377,29
378,104
379,228
380,372
381,515
382,619
383,677
384,666
385,597
386,476
387,332
388,184
389,75
390,16
391,22
392,87
393,203
394,348
395,492
396,605
397,669
398,673
399,612
400,499
401,354
402,206
403,91
404,21
405,16
406,74
407,180
408,323
409,467
410,589
411,662
412,677
413,623
414,521
415,379
416,231
417,106
418,29
419,11
420,60
421,159
422,299
423,443
424,570
425,652
426,681
427,636
428,539
429,402
430,256
431,125
432,37
433,6
434,47
435,140
436,275
437,419
438,552
439,641
440,682
441,646
442,559
443,426
444,279
445,142
446,48
447,6
448,36
449,121
450,249
451,396
452,532
453,629
454,679
455,657
456,576
457,449
458,303
459,162
460,60
461,9
462,27
463,102
464,226
465,370
466,513
467,617
468,672
469,664
470,594
471,473
472,326
473,181
474,73
475,14
476,19
477,86
478,201
479,346
480,488
481,603
482,667
483,671
484,608
485,497
486,351
487,205
488,86
489,19
490,13
491,72
492,178
493,322
494,465
495,588
496,659
497,675
498,621
499,520
500,375
501,229
502,104
503,28
504,9
505,59
506,159
507,299
508,443
509,570
510,653
511,682
0,633
1,679
2,654
3,571
4,443
5,297
6,157
7,57
8,8
9,29
10,107
11,230
12,376
13,518
14,620
15,674
16,661
17,590
18,469
19,321
20,175
21,69
22,13
23,20
24,89
25,207
26,353
27,495
28,606
29,669
30,669
31,606
32,491
33,345
34,199
35,83
36,19
37,15
38,77
39,184
40,328
41,473
42,593
43,663
44,676
45,619
46,517
47,372
48,225
49,101
50,28
51,12
52,64
53,166
54,308
55,450
56,576
57,657
58,683
59,633
60,536
61,397
62,251
63,121
64,37
65,9
66,53
67,146
68,282
69,427
70,559
71,645
72,684
73,645
74,556
75,421
76,274
77,138
78,47
79,6
80,40
81,128
82,259
83,402
84,540
85,634
86,682
87,655
88,572
89,444
90,298
91,157
92,58
93,9
94,32
95,108
96,234
97,379
98,521
99,621
100,676
101,663
102,590
103,468
104,321
105,176
106,71
107,13
108,22
109,91
110,210
111,354
112,497
113,609
114,670
115,669
116,605
117,490
118,346
119,199
120,84
121,18
122,17
123,76
124,185
125,330
126,474
127,592
128,663
129,675
130,619
131,515
132,369
133,222
134,100
135,25
136,10
137,63
138,165
139,305
140,449
141,575
142,655
143,679
144,630
145,533
146,394
147,247
148,117
149,33
150,7
151,50
152,144
153,282
154,427
155,556
156,643
157,681
158,642
159,552
160,417
161,270
162,135
163,43
164,4
165,38
166,127
167,256
168,401
169,538
170,632
171,679
172,653
173,570
174,441
175,295
176,155
177,56
178,8
179,30
180,108
181,234
182,379
183,519
184,621
185,676
186,664
187,589
188,466
189,321
190,177
191,71
192,14
193,24
194,93
195,210
196,355
197,499
198,611
199,672
200,671
201,607
202,492
203,347
204,200
205,85
206,21
207,18
208,79
209,188
210,333
211,475
212,595
213,666
214,677
215,620
216,515
217,370
218,224
219,100
220,26
221,12
222,66
223,166
224,308
225,453
226,578
227,657
228,680
229,631
230,535
231,395
232,247
233,117
234,35
235,7
236,52
237,147
238,285
239,427
240,558
241,645
242,684
243,643
244,552
245,417
246,271
247,136
248,44
249,5
250,41
251,128
252,258
253,404
254,541
255,634
256,680
257,653
258,571
259,442
260,295
261,154
262,57
263,8
264,30
265,109
266,235
267,379
268,520
269,621
270,676
271,662
272,587
273,464
274,319
275,174
276,68
277,12
278,23
279,91
280,209
281,356
282,499
283,608
284,669
285,668
286,605
287,489
288,343
289,196
290,82
291,17
292,15
293,77
294,187
295,330
296,474
297,593
298,663
299,673
300,616
301,512
302,367
303,221
304,97
305,23
306,11
307,63
308,165
309,307
310,451
311,575
312,654
313,677
314,629
315,532
316,391
317,244
318,115
319,33
320,6
321,51
322,148
323,283
324,428
325,559
326,646
327,683
328,641
329,552
330,417
331,271
332,135
333,44
334,6
335,41
336,129
337,261
338,407
339,542
340,635
341,681
342,655
343,571
344,442
345,296
346,157
347,58
348,10
349,33
350,113
351,237
352,383
353,524
354,625
355,678
356,663
357,589
358,467
359,321
360,175
361,70
362,14
363,24
364,93
365,213
366,359
367,500
368,611
369,672
370,671
371,605
372,490
373,344
374,198
375,83
376,19
377,17
378,80
379,188
380,333
381,477
382,596
383,665
384,675
385,618
386,513
387,369
388,221
389,98
390,26
391,11
392,65
393,168
394,310
395,454
396,577
397,657
398,681
399,631
400,532
401,391
402,245
403,116
404,35
405,7
406,53
407,147
408,285
409,429
410,560
411,645
412,682
413,641
414,551
415,416
416,269
417,134
418,43
419,4
420,40
421,129
422,261
423,404
424,540
425,633
426,680
427,652
428,568
429,439
430,293
431,153
432,55
433,7
434,31
435,109
436,235
437,381
438,523
439,621
440,675
441,660
442,586
443,463
444,316
445,172
446,68
447,11
448,22
449,92
450,212
451,356
452,498
453,609
454,670
455,667
456,602
457,486
458,341
459,195
460,80
461,17
462,17
463,78
464,188
465,333
466,477
467,594
468,663
469,675
470,618
471,512
472,366
473,220
474,98
475,25
476,11
477,66
478,169
479,309
480,456
481,579
482,658
483,681
484,630
485,533
486,393
487,246
488,117
489,35
490,10
491,55
492,150
493,288
494,433
495,562
496,648
497,685
498,643
499,553
500,416
501,270
502,136
503,44
504,6
505,42
506,132
507,262
508,407
509,543
510,636
511,681
0,448
1,613
2,671
3,666
4,600
5,482
6,338
7,190
8,79
9,17
10,19
11,82
12,194
13,339
14,484
15,600
16,667
17,675
18,616
19,507
20,363
21,216
22,98
23,24
24,14
25,70
26,174
27,316
28,460
29,584
30,661
31,680
32,629
33,529
34,388
35,239
36,112
37,32
38,10
39,57
40,154
41,292
42,437
43,565
44,650
45,683
46,640
47,546
48,410
49,264
50,131
51,41
52,5
53,44
54,135
55,267
56,412
57,547
58,639
59,682
60,651
61,565
62,435
63,287
64,149
65,53
66,8
67,34
68,116
69,243
70,389
71,528
72,626
73,677
74,660
75,582
76,458
77,312
78,169
79,64
80,11
81,25
82,98
83,218
84,364
85,506
86,614
87,672
88,667
89,600
90,482
91,335
92,189
93,77
94,17
95,18
96,82
97,194
98,340
99,482
100,599
101,665
102,673
103,613
104,505
105,359
106,213
107,91
108,22
109,12
110,69
111,172
112,315
113,458
114,582
115,657
116,677
117,625
118,526
119,382
120,236
121,109
122,30
123,7
124,55
125,152
126,291
127,434
128,563
129,647
130,681
131,636
132,544
133,407
134,261
135,127
136,39
137,3
138,43
139,133
140,267
141,411
142,546
143,636
144,681
145,649
146,564
147,432
148,286
149,147
150,52
151,7
152,34
153,116
154,244
155,389
156,529
157,627
158,679
159,659
160,583
161,458
162,313
163,168
164,66
165,12
166,28
167,99
168,221
169,366
170,509
171,616
172,675
173,669
174,601
175,482
176,337
177,190
178,79
179,17
180,20
181,84
182,197
183,342
184,485
185,601
186,669
187,674
188,615
189,505
190,362
191,213
192,93
193,23
194,14
195,70
196,174
197,317
198,462
199,584
200,660
201,679
202,627
203,526
204,384
205,237
206,111
207,30
208,9
209,57
210,155
211,293
212,437
213,565
214,652
215,682
216,638
217,545
218,408
219,261
220,128
221,40
222,5
223,44
224,135
225,269
226,413
227,547
228,638
229,681
230,649
231,562
232,431
233,285
234,148
235,50
236,6
237,34
238,117
239,244
240,389
241,528
242,627
243,677
244,658
245,581
246,456
247,308
248,166
249,63
250,11
251,25
252,98
253,219
254,365
255,506
256,614
257,671
258,665
259,597
260,479
261,333
262,187
263,75
264,15
265,17
266,82
267,194
268,340
269,483
270,599
271,665
272,671
273,611
274,503
275,356
276,210
277,90
278,22
279,11
280,69
281,173
282,317
283,460
284,583
285,658
286,677
287,624
288,524
289,382
290,236
291,108
292,30
293,9
294,58
295,155
296,294
297,438
298,567
299,650
300,683
301,638
302,545
303,407
304,261
305,129
306,41
307,6
308,46
309,138
310,271
311,416
312,550
313,641
314,684
315,650
316,566
317,433
318,287
319,147
320,52
321,9
322,37
323,118
324,247
325,392
326,532
327,628
328,679
329,659
330,582
331,455
332,310
333,167
334,65
335,11
336,27
337,100
338,223
339,367
340,510
341,616
342,674
343,666
344,599
345,479
346,335
347,187
348,77
349,16
350,20
351,84
352,197
353,343
354,487
355,601
356,667
357,673
358,613
359,502
360,358
361,211
362,92
363,22
364,13
365,70
366,175
367,318
368,462
369,584
370,660
371,677
372,625
373,524
374,382
375,234
376,108
377,29
378,9
379,56
380,155
381,293
382,440
383,566
384,649
385,681
386,637
387,542
388,405
389,259
390,127
391,38
392,4
393,44
394,136
395,269
396,414
397,548
398,639
399,680
400,647
401,561
402,430
403,282
404,145
405,49
406,6
407,33
408,116
409,244
410,390
411,529
412,626
413,677
414,657
415,578
416,453
417,307
418,164
419,61
420,9
421,25
422,99
423,220
424,366
425,508
426,614
427,671
428,665
429,597
430,478
431,331
432,185
433,76
434,16
435,18
436,84
437,197
438,343
439,486
440,602
441,667
442,673
443,612
444,503
445,359
446,212
447,91
448,23
449,15
450,73
451,177
452,320
453,464
454,587
455,661
456,679
457,627
458,527
459,383
460,237
461,109
462,32
463,10
464,59
465,157
466,297
467,440
468,569
469,651
470,684
471,637
472,545
473,407
474,261
475,127
476,40
477,6
478,47
479,137
480,272
481,416
482,551
483,639
484,683
485,649
486,563
487,430
488,284
489,146
490,52
491,7
492,36
493,119
494,248
495,392
496,531
497,628
498,679
499,657
500,579
501,453
502,309
503,164
504,63
505,10
506,27
507,100
508,223
509,368
510,511
511,616
0,13
1,74
2,179
3,323
4,467
5,589
6,662
7,679
8,624
9,524
10,379
11,233
12,106
13,30
14,10
15,60
16,159
17,299
18,442
19,572
20,653
21,683
22,635
23,541
24,403
25,258
26,124
27,38
28,6
29,48
30,139
31,274
32,419
33,552
34,640
35,682
36,648
37,560
38,426
39,280
40,143
41,50
42,6
43,36
44,121
45,250
46,394
47,533
48,629
49,679
50,656
51,577
52,450
53,305
54,161
55,61
56,10
57,28
58,102
59,225
60,370
61,513
62,616
63,673
64,664
65,595
66,473
67,328
68,182
69,74
70,14
71,20
72,86
73,201
74,346
75,489
76,603
77,668
78,670
79,609
80,497
81,353
82,205
83,87
84,20
85,14
86,71
87,178
88,321
89,465
90,586
91,660
92,678
93,622
94,519
95,376
96,229
97,105
98,26
99,8
100,58
101,158
102,297
103,441
104,568
105,651
106,680
107,633
108,539
109,401
110,253
111,123
112,36
113,6
114,46
115,139
116,273
117,419
118,551
119,641
120,682
121,647
122,558
123,426
124,280
125,144
126,49
127,7
128,37
129,123
130,251
131,396
132,535
133,631
134,680
135,658
136,579
137,453
138,305
139,163
140,63
141,12
142,29
143,104
144,227
145,373
146,514
147,619
148,675
149,667
150,595
151,475
152,330
153,185
154,75
155,16
156,21
157,88
158,202
159,348
160,491
161,605
162,668
163,672
164,611
165,499
166,353
167,207
168,89
169,22
170,14
171,73
172,179
173,324
174,467
175,588
176,661
177,678
178,622
179,521
180,378
181,232
182,105
183,28
184,10
185,60
186,159
187,299
188,442
189,570
190,651
191,681
192,635
193,541
194,401
195,255
196,123
197,38
198,5
199,47
200,139
201,275
202,418
203,551
204,640
205,683
206,645
207,558
208,425
209,279
210,141
211,47
212,5
213,36
214,120
215,249
216,394
217,533
218,628
219,678
220,656
221,577
222,448
223,303
224,161
225,61
226,8
227,27
228,102
229,225
230,370
231,513
232,616
233,673
234,663
235,593
236,472
237,327
238,180
239,72
240,13
241,20
242,85
243,201
244,346
245,489
246,603
247,667
248,670
249,608
250,495
251,351
252,205
253,87
254,19
255,14
256,73
257,180
258,323
259,467
260,588
261,662
262,676
263,622
264,520
265,377
266,229
267,104
268,28
269,11
270,61
271,161
272,301
273,445
274,571
275,653
276,683
277,636
278,540
279,402
280,256
281,125
282,38
283,8
284,50
285,144
286,278
287,422
288,555
289,644
290,684
291,647
292,559
293,426
294,279
295,143
296,49
297,8
298,38
299,123
300,253
301,398
302,536
303,631
304,681
305,658
306,576
307,449
308,303
309,162
310,60
311,10
312,29
313,105
314,228
315,373
316,515
317,619
318,674
319,665
320,594
321,473
322,326
323,181
324,74
325,15
326,21
327,88
328,203
329,349
330,492
331,605
332,669
333,672
334,608
335,496
336,351
337,205
338,86
339,20
340,14
341,74
342,180
343,325
344,468
345,589
346,661
347,676
348,621
349,519
350,374
351,228
352,103
353,28
354,9
355,60
356,160
357,301
358,444
359,571
360,651
361,681
362,633
363,537
364,399
365,253
366,120
367,35
368,5
369,48
370,140
371,275
372,420
373,553
374,641
375,681
376,644
377,556
378,422
379,276
380,139
381,47
382,4
383,36
384,121
385,252
386,396
387,534
388,629
389,678
390,653
391,573
392,446
393,301
394,158
395,59
396,8
397,28
398,103
399,227
400,373
401,516
402,618
403,674
404,664
405,593
406,471
407,326
408,180
409,73
410,14
411,21
412,88
413,205
414,350
415,493
416,607
417,670
418,672
419,611
420,497
421,353
422,204
423,88
424,22
425,17
426,76
427,183
428,327
429,471
430,591
431,664
432,677
433,623
434,520
435,376
436,229
437,105
438,28
439,11
440,62
441,163
442,302
443,447
444,573
445,655
446,681
447,635
448,539
449,401
450,252
451,122
452,37
453,7
454,49