=~=~=~=~=~=~=~=~=~=~=~= PuTTY log 2018.03.14 10:31:24 =~=~=~=~=~=~=~=~=~=~=~=
0,499
1,163
2,26
3,26
4,167
5,388
6,586
7,676
8,620
9,451
10,231
11,60
12,5
13,108
14,314
15,532
16,658
17,653
18,520
19,305
20,103
21,5
22,61
23,240
24,462
25,628
26,672
27,576
28,376
29,160
30,24
31,26
32,167
33,390
34,586
35,676
36,618
37,449
38,229
39,59
40,5
41,109
42,315
43,532
44,658
45,652
46,518
47,304
48,101
49,4
50,61
51,241
52,463
53,627
54,672
55,574
56,374
57,158
58,23
59,26
60,168
61,390
62,587
63,675
64,617
65,446
66,227
67,57
68,4
69,110
70,316
71,532
72,658
73,651
74,515
75,300
76,99
77,3
78,61
79,243
80,464
81,628
82,670
83,572
84,371
85,156
86,22
87,27
88,170
89,393
90,588
91,676
92,616
93,444
94,225
95,56
96,6
97,112
98,319
99,535
100,659
101,651
102,515
103,300
104,99
105,5
106,65
107,247
108,469
109,631
110,672
111,573
112,371
113,157
114,24
115,29
116,175
117,397
118,593
119,678
120,618
121,445
122,226
123,57
124,8
125,115
126,323
127,538
128,662
129,652
130,515
131,300
132,99
133,5
134,66
135,248
136,470
137,632
138,672
139,572
140,370
141,155
142,23
143,29
144,175
145,398
146,592
147,677
148,616
149,443
150,223
151,56
152,7
153,115
154,323
155,537
156,660
157,651
158,513
159,297
160,96
161,4
162,66
163,249
164,471
165,632
166,670
167,569
168,367
169,153
170,21
171,29
172,175
173,399
174,593
175,677
176,614
177,439
178,220
179,54
180,6
181,116
182,325
183,538
184,660
185,648
186,510
187,294
188,94
189,3
190,66
191,250
192,473
193,632
194,669
195,567
196,364
197,151
198,20
199,29
200,176
201,399
202,593
203,677
204,612
205,437
206,218
207,52
208,6
209,117
210,326
211,540
212,660
213,647
214,507
215,291
216,92
217,2
218,66
219,252
220,474
221,633
222,668
223,565
224,362
225,149
226,20
227,30
228,178
229,402
230,594
231,676
232,610
233,434
234,216
235,51
236,7
237,119
238,329
239,541
240,661
241,647
242,507
243,290
244,92
245,3
246,69
247,256
248,478
249,635
250,670
251,565
252,362
253,149
254,21
255,34
256,183
257,407
258,599
259,679
260,612
261,435
262,216
263,52
264,10
265,123
266,333
267,546
268,664
269,648
270,507
271,289
272,92
273,4
274,72
275,259
276,481
277,637
278,669
279,564
280,360
281,147
282,20
283,34
284,184
285,408
286,600
287,679
288,610
289,432
290,213
291,51
292,9
293,124
294,334
295,548
296,664
297,646
298,504
299,286
300,89
301,2
302,72
303,260
304,482
305,637
306,669
307,561
308,357
309,145
310,18
311,34
312,185
313,409
314,600
315,678
316,609
317,430
318,210
319,49
320,9
321,124
322,335
323,547
324,663
325,645
326,501
327,284
328,87
329,1
330,72
331,261
332,482
333,637
334,667
335,560
336,355
337,143
338,17
339,34
340,186
341,411
342,600
343,677
344,607
345,427
346,208
347,47
348,9
349,125
350,336
351,548
352,663
353,643
354,499
355,281
356,86
357,1
358,72
359,262
360,484
361,637
362,666
363,557
364,352
365,141
366,16
367,34
368,187
369,411
370,600
371,677
372,606
373,425
374,206
375,46
376,9
377,126
378,338
379,549
380,664
381,643
382,497
383,280
384,85
385,1
386,74
387,265
388,487
389,639
390,667
391,558
392,352
393,141
394,17
395,37
396,191
397,416
398,604
399,680
400,607
401,425
402,205
403,48
404,12
405,130
406,343
407,553
408,667
409,644
410,498
411,281
412,86
413,3
414,77
415,269
416,490
417,642
418,667
419,558
420,350
421,140
422,17
423,38
424,194
425,418
426,605
427,680
428,606
429,423
430,204
431,46
432,12
433,131
434,344
435,554
436,666
437,642
438,495
439,277
440,83
441,1
442,77
443,270
444,491
445,641
446,666
447,555
448,348
449,138
450,16
451,38
452,195
453,419
454,605
455,679
456,604
457,421
458,202
459,44
460,11
461,131
462,345
463,553
464,666
465,640
466,492
467,274
468,82
469,0
470,77
471,271
472,492
473,641
474,665
475,553
476,345
477,136
478,14
479,38
480,195
481,419
482,605
483,678
484,602
485,418
486,199
487,42
488,11
489,132
490,346
491,554
492,665
493,639
494,490
495,272
496,80
497,0
498,78
499,272
500,493
501,641
502,664
503,550
504,342
505,134
506,13
507,38
508,196
509,421
510,607
511,677
0,102
1,33
2,184
3,407
4,598
5,678
6,611
7,434
8,213
9,49
10,9
11,123
12,333
13,545
14,664
15,647
16,503
17,285
18,90
19,3
20,71
21,259
22,481
23,637
24,667
25,561
26,359
27,147
28,18
29,33
30,184
31,408
32,598
33,677
34,612
35,431
36,210
37,48
38,9
39,124
40,334
41,545
42,663
43,645
44,501
45,283
46,89
47,2
48,71
49,260
50,482
51,637
52,667
53,559
54,356
55,145
56,17
57,32
58,185
59,409
60,598
61,677
62,608
63,429
64,207
65,46
66,8
67,124
68,334
69,546
70,663
71,644
72,498
73,281
74,87
75,1
76,72
77,261
78,483
79,637
80,666
81,559
82,355
83,143
84,16
85,34
86,187
87,411
88,600
89,677
90,608
91,428
92,207
93,47
94,10
95,127
96,338
97,549
98,665
99,645
100,499
101,281
102,88
103,3
104,75
105,265
106,488
107,641
108,667
109,559
110,355
111,144
112,18
113,37
114,191
115,416
116,603
117,679
118,609
119,428
120,206
121,47
122,12
123,130
124,341
125,551
126,667
127,645
128,497
129,280
130,86
131,3
132,76
133,267
134,489
135,641
136,667
137,557
138,352
139,142
140,17
141,37
142,192
143,416
144,603
145,679
146,607
147,425
148,203
149,45
150,11
151,130
152,342
153,552
154,666
155,643
156,494
157,277
158,84
159,2
160,76
161,269
162,490
163,641
164,666
165,555
166,349
167,139
168,15
169,38
170,193
171,417
172,603
173,678
174,605
175,422
176,201
177,43
178,11
179,131
180,343
181,553
182,665
183,641
184,492
185,274
186,82
187,1
188,76
189,269
190,491
191,641
192,664
193,552
194,346
195,137
196,14
197,37
198,195
199,419
200,604
201,677
202,603
203,419
204,198
205,41
206,11
207,132
208,345
209,553
210,665
211,640
212,489
213,271
214,80
215,0
216,76
217,271
218,492
219,641
220,663
221,550
222,345
223,135
224,13
225,38
226,196
227,421
228,605
229,677
230,602
231,418
232,197
233,41
234,12
235,135
236,348
237,556
238,667
239,640
240,488
241,271
242,81
243,2
244,81
245,275
246,497
247,645
248,665
249,551
250,345
251,137
252,16
253,42
254,201
255,426
256,610
257,679
258,603
259,420
260,197
261,42
262,15
263,138
264,351
265,559
266,669
267,641
268,488
269,270
270,81
271,2
272,82
273,277
274,504
275,646
276,665
277,549
278,342
279,134
280,14
281,42
282,203
283,427
284,610
285,678
286,601
287,415
288,194
289,40
290,15
291,139
292,352
293,559
294,669
295,638
296,485
297,267
298,78
299,0
300,82
301,279
302,500
303,646
304,663
305,547
306,339
307,132
308,12
309,42
310,204
311,428
312,609
313,677
314,599
315,412
316,190
317,38
318,14
319,140
320,354
321,560
322,668
323,637
324,482
325,264
326,76
327,0
328,83
329,280
330,501
331,646
332,662
333,545
334,337
335,129
336,11
337,42
338,205
339,429
340,610
341,676
342,597
343,410
344,188
345,37
346,14
347,140
348,355
349,561
350,668
351,635
352,479
353,261
354,75
355,0
356,83
357,281
358,502
359,646
360,660
361,543
362,334
363,127
364,10
365,43
366,206
367,432
368,610
369,675
370,596
371,407
372,187
373,36
374,15
375,143
376,358
377,563
378,669
379,635
380,478
381,260
382,75
383,1
384,86
385,285
386,506
387,649
388,662
389,543
390,334
391,128
392,12
393,46
394,211
395,435
396,614
397,681
398,597
399,408
400,187
401,38
402,18
403,146
404,362
405,567
406,672
407,636
408,478
409,260
410,75
411,2
412,89
413,288
414,509
415,651
416,662
417,541
418,332
419,126
420,11
421,47
422,213
423,437
424,614
425,677
426,595
427,405
428,184
429,35
430,17
431,146
432,362
433,567
434,671
435,633
436,475
437,257
438,73
439,2
440,89
441,289
442,509
443,650
444,661
445,539
446,329
447,124
448,10
449,47
450,214
451,437
452,614
453,676
454,593
455,403
456,182
457,34
458,17
459,147
460,363
461,567
462,671
463,632
464,472
465,254
466,71
467,1
468,89
469,290
470,510
471,650
472,659
473,537
474,327
475,122
476,9
477,47
478,215
479,439
480,615
481,675
482,591
483,400
484,179
485,32
486,17
487,148
488,365
489,568
490,670
491,630
492,470
493,252
494,69
495,1
496,90
497,291
498,511
499,650
500,658
501,535
502,324
503,120
504,8
505,48
506,216
507,440
508,615
509,675
510,590
511,398
0,25
1,353
2,560
3,667
4,636
5,485
6,267
7,77
8,0
9,83
10,279
11,500
12,645
13,663
14,547
15,338
16,130
17,13
18,42
19,204
20,427
21,609
22,677
23,597
24,410
25,191
26,39
27,13
28,139
29,354
30,561
31,667
32,635
33,482
34,264
35,75
36,0
37,83
38,280
39,501
40,645
41,663
42,545
43,335
44,128
45,11
46,43
47,205
48,429
49,612
50,676
51,596
52,408
53,189
54,37
55,13
56,140
57,355
58,561
59,667
60,634
61,480
62,262
63,74
64,0
65,84
66,281
67,502
68,647
69,662
70,545
71,334
72,127
73,12
74,44
75,207
76,431
77,612
78,678
79,597
80,408
81,189
82,38
83,16
84,143
85,359
86,565
87,670
88,635
89,481
90,264
91,76
92,2
93,88
94,286
95,507
96,650
97,664
98,545
99,334
100,128
101,13
102,47
103,211
104,435
105,614
106,679
107,596
108,407
109,187
110,38
111,17
112,145
113,361
114,567
115,670
116,635
117,479
118,261
119,74
120,1
121,88
122,287
123,507
124,649
125,662
126,543
127,331
128,125
129,12
130,47
131,211
132,435
133,614
134,677
135,594
136,404
137,185
138,36
139,16
140,145
141,361
142,567
143,670
144,633
145,476
146,258
147,72
148,1
149,88
150,288
151,508
152,649
153,661
154,541
155,329
156,123
157,10
158,47
159,212
160,436
161,614
162,677
163,592
164,402
165,183
166,35
167,16
168,146
169,362
170,567
171,669
172,631
173,474
174,256
175,70
176,0
177,89
178,289
179,509
180,649
181,660
182,538
183,326
184,121
185,9
186,47
187,214
188,437
189,615
190,675
191,590
192,399
193,180
194,33
195,16
196,147
197,364
198,568
199,669
200,629
201,471
202,253
203,69
204,0
205,90
206,291
207,510
208,649
209,659
210,537
211,324
212,120
213,9
214,49
215,216
216,440
217,616
218,676
219,590
220,399
221,180
222,34
223,18
224,149
225,367
226,572
227,672
228,631
229,472
230,254
231,70
232,3
233,93
234,295
235,514
236,653
237,661
238,539
239,325
240,121
241,11
242,52
243,220
244,443
245,619
246,677
247,591
248,402
249,179
250,34
251,19
252,152
253,369
254,573
255,672
256,631
257,470
258,252
259,69
260,3
261,94
262,296
263,515
264,653
265,660
266,536
267,322
268,118
269,10
270,52
271,221
272,445
273,618
274,676
275,589
276,396
277,177
278,33
279,20
280,153
281,371
282,573
283,672
284,629
285,468
286,249
287,68
288,2
289,94
290,297
291,516
292,652
293,659
294,534
295,321
296,117
297,9
298,52
299,222
300,445
301,619
302,676
303,586
304,393
305,175
306,31
307,19
308,153
309,372
310,574
311,671
312,627
313,465
314,247
315,66
316,2
317,95
318,298
319,517
320,653
321,657
322,532
323,318
324,115
325,7
326,52
327,223
328,447
329,619
330,674
331,584
332,390
333,172
334,30
335,19
336,154
337,373
338,575
339,671
340,625
341,462
342,244
343,64
344,1
345,96
346,299
347,519
348,653
349,656
350,530
351,315
352,112
353,7
354,54
355,226
356,449
357,621
358,675
359,584
360,389
361,171
362,30
363,21
364,157
365,377
366,578
367,673
368,626
369,462
370,244
371,65
372,4
373,100
374,304
375,523
376,656
377,657
378,531
379,316
380,114
381,9
382,57
383,231
384,454
385,623
386,677
387,584
388,389
389,171
390,30
391,23
392,160
393,379
394,580
395,674
396,626
397,461
398,242
399,64
400,4
401,102
402,306
403,523
404,656
405,657
406,528
407,313
408,111
409,8
410,57
411,231
412,454
413,624
414,675
415,581
416,386
417,168
418,29
419,22
420,161
421,381
422,580
423,674
424,623
425,458
426,239
427,62
428,4
429,102
430,307
431,523
432,655
433,655
434,526
435,310
436,109
437,7
438,57
439,232
440,455
441,623
442,673
443,580
444,383
445,166
446,28
447,22
448,161
449,381
450,581
451,673
452,622
453,456
454,237
455,60
456,3
457,102
458,308
459,525
460,655
461,654
462,524
463,307
464,107
465,5
466,57
467,233
468,456
469,623
470,672
471,578
472,381
473,164
474,26
475,22
476,162
477,383
478,581
479,672
480,620
481,453
482,234
483,59
484,3
485,103
486,309
487,526
488,655
489,653
490,522
491,306
492,105
493,5
494,58
495,235
496,459
497,625
498,672
499,576
500,379
501,162
502,26
503,24
504,165
505,386
506,585
507,674
508,621
509,452
510,234
511,59
0,78
1,285
2,508
3,648
4,660
5,541
6,331
7,125
8,11
9,45
10,211
11,435
12,613
13,676
14,594
15,405
16,183
17,35
18,16
19,145
20,361
21,565
22,669
23,633
24,474
25,256
26,72
27,0
28,87
29,287
30,508
31,649
32,659
33,538
34,328
35,123
36,9
37,46
38,212
39,436
40,613
41,675
42,593
43,402
44,181
45,33
46,16
47,146
48,362
49,567
50,669
51,632
52,473
53,254
54,71
55,1
56,89
57,289
58,510
59,651
60,660
61,539
62,329
63,124
64,11
65,48
66,216
67,440
68,616
69,677
70,594
71,403
72,182
73,35
74,19
75,150
76,367
77,571
78,673
79,633
80,474
81,256
82,73
83,4
84,92
85,293
86,514
87,653
88,661
89,538
90,328
91,123
92,11
93,50
94,218
95,442
96,617
97,677
98,593
99,401
100,180
101,34
102,19
103,151
104,368
105,571
106,672
107,631
108,470
109,252
110,71
111,3
112,93
113,294
114,514
115,652
116,659
117,536
118,325
119,121
120,9
121,50
122,219
123,443
124,617
125,675
126,590
127,398
128,177
129,32
130,19
131,152
132,369
133,571
134,672
135,630
136,467
137,249
138,69
139,2
140,93
141,295
142,515
143,653
144,658
145,534
146,322
147,118
148,8
149,50
150,220
151,444
152,618
153,675
154,588
155,395
156,174
157,31
158,19
159,152
160,370
161,572
162,671
163,628
164,465
165,247
166,67
167,2
168,94
169,297
170,516
171,653
172,656
173,531
174,319
175,116
176,7
177,51
178,222
179,445
180,618
181,673
182,586
183,393
184,172
185,29
186,19
187,154
188,372
189,573
190,672
191,627
192,463
193,245
194,66
195,2
196,96
197,299
198,518
199,654
200,657
201,531
202,319
203,116
204,8
205,53
206,226
207,449
208,621
209,675
210,587
211,393
212,173
213,31
214,22
215,158
216,376
217,578
218,675
219,629
220,464
221,246
222,68
223,6
224,100
225,303
226,523
227,657
228,659
229,531
230,318
231,116
232,9
233,56
234,229
235,453
236,622
237,676
238,586
239,391
240,171
241,30
242,22
243,159
244,378
245,579
246,675
247,628
248,461
249,243
250,65
251,5
252,100
253,304
254,523
255,656
256,657
257,529
258,315
259,114
260,8
261,56
262,229
263,453
264,623
265,674
266,584
267,389
268,169
269,28
270,22
271,160
272,379
273,579
274,674
275,625
276,458
277,240
278,63
279,4
280,101
281,305
282,523
283,656
284,655
285,527
286,313
287,111
288,6
289,57
290,231
291,454
292,623
293,673
294,581
295,386
296,166
297,27
298,22
299,160
300,380
301,579
302,673
303,624
304,456
305,237
306,62
307,4
308,101
309,306
310,524
311,656
312,654
313,523
314,310
315,109
316,5
317,56
318,231
319,455
320,622
321,672
322,579
323,384
324,164
325,26
326,22
327,161
328,382
329,581
330,673
331,622
332,454
333,235
334,60
335,4
336,103
337,309
338,526
339,656
340,654
341,523
342,309
343,108
344,5
345,58
346,234
347,458
348,624
349,673
350,580
351,384
352,164
353,27
354,25
355,165
356,385
357,584
358,676
359,624
360,455
361,236
362,62
363,7
364,107
365,313
366,529
367,660
368,656
369,524
370,309
371,109
372,7
373,60
374,237
375,461
376,627
377,674
378,579
379,382
380,164
381,27
382,25
383,167
384,387
385,586
386,675
387,623
388,452
389,234
390,61
391,6
392,107
393,314
394,530
395,660
396,654
397,522
398,307
399,107
400,6
401,60
402,238
403,462
404,627
405,673
406,577
407,380
408,162
409,25
410,25
411,167
412,388
413,585
414,675
415,621
416,450
417,231
418,59
419,6
420,107
421,314
422,530
423,659
424,652
425,519
426,304
427,104
428,5
429,61
430,239
431,463
432,627
433,672
434,575
435,377
436,159
437,24
438,25
439,168
440,389
441,586
442,675
443,620
444,447
445,229
446,57
447,5
448,108
449,315
450,531
451,659
452,651
453,517
454,301
455,102
456,4
457,61
458,241
459,463
460,627
461,671
462,572
463,375
464,157
465,22
466,25
467,169
468,391
469,587
470,673
471,617
472,444
473,225
474,55
475,5
476,109
477,317
478,532
479,659
480,650
481,515
482,301
483,101
484,4
485,63
486,243
487,467
488,629
489,671
490,572
491,374
492,157
493,23
494,28
495,172
496,394
497,590
498,677
499,619
500,445
501,226
502,57
503,8
504,114
505,322
506,537
507,662
508,652
509,518
510,301
511,102
0,655
1,581
2,385
3,168
4,27
5,21
6,159
7,379
8,579
9,672
10,623
11,457
12,239
13,61
14,2
15,99
16,305
17,522
18,654
19,654
20,525
21,310
22,108
23,5
24,55
25,230
26,453
27,622
28,673
29,579
30,384
31,166
32,27
33,22
34,161
35,381
36,581
37,673
38,623
39,457
40,238
41,61
42,4
43,103
44,308
45,526
46,657
47,656
48,526
49,310
50,109
51,7
52,59
53,234
54,458
55,626
56,676
57,580
58,385
59,167
60,29
61,25
62,164
63,385
64,584
65,675
66,623
67,456
68,238
69,62
70,5
71,106
72,311
73,528
74,658
75,655
76,525
77,308
78,108
79,7
80,60
81,236
82,459
83,626
84,674
85,578
86,381
87,165
88,27
89,24
90,165
91,386
92,585
93,674
94,622
95,454
96,235
97,59
98,5
99,106
100,312
101,528
102,658
103,654
104,523
105,305
106,105
107,6
108,60
109,237
110,460
111,627
112,673
113,576
114,379
115,162
116,26
117,24
118,166
119,387
120,585
121,674
122,620
123,450
124,232
125,58
126,4
127,106
128,313
129,529
130,657
131,653
132,520
133,303
134,103
135,5
136,60
137,238
138,461
139,626
140,672
141,574
142,376
143,160
144,24
145,24
146,166
147,387
148,585
149,672
150,618
151,449
152,230
153,56
154,4
155,107
156,314
157,529
158,657
159,651
160,519
161,301
162,101
163,4
164,60
165,239
166,462
167,627
168,671
169,572
170,374
171,158
172,24
173,24
174,168
175,390
176,587
177,674
178,617
179,447
180,229
181,56
182,5
183,110
184,317
185,532
186,660
187,653
188,519
189,301
190,102
191,5
192,64
193,244
194,467
195,631
196,673
197,573
198,375
199,159
200,26
201,28
202,172
203,395
204,591
205,677
206,619
207,447
208,229
209,58
210,8
211,113
212,321
213,535
214,661
215,653
216,518
217,300
218,101
219,6
220,65
221,246
222,469
223,631
224,673
225,571
226,373
227,157
228,24
229,28
230,173
231,396
232,591
233,676
234,617
235,445
236,226
237,55
238,7
239,113
240,321
241,536
242,661
243,651
244,515
245,297
246,99
247,4
248,65
249,247
250,470
251,631
252,672
253,569
254,370
255,155
256,23
257,28
258,173
259,396
260,591
261,675
262,615
263,441
264,223
265,54
266,6
267,114
268,323
269,537
270,661
271,650
272,513
273,294
274,96
275,3
276,65
277,247
278,470
279,631
280,670
281,568
282,368
283,153
284,22
285,28
286,174
287,397
288,591
289,675
290,613
291,438
292,221
293,52
294,6
295,115
296,324
297,537
298,659
299,649
300,512
301,292
302,95
303,2
304,66
305,249
306,472
307,631
308,669
309,565
310,365
311,151
312,20
313,28
314,176
315,399
316,593
317,675
318,615
319,438
320,219
321,51
322,7
323,116
324,326
325,539
326,661
327,649
328,509
329,291
330,94
331,4
332,68
333,252
334,475
335,634
336,671
337,566
338,365
339,152
340,22
341,31
342,180
343,403
344,597
345,678
346,615
347,439
348,220
349,53
350,10
351,120
352,330
353,542
354,664
355,649
356,510
357,291
358,94
359,4
360,70
361,254
362,477
363,635
364,671
365,565
366,364
367,150
368,22
369,32
370,181
371,404
372,597
373,677
374,613
375,436
376,217
377,51
378,9
379,120
380,331
381,542
382,663
383,648
384,508
385,288
386,92
387,3
388,70
389,256
390,479
391,635
392,670
393,562
394,361
395,148
396,20
397,31
398,182
399,405
400,598
401,676
402,611
403,433
404,215
405,49
406,9
407,122
408,332
409,543
410,663
411,647
412,505
413,286
414,90
415,2
416,71
417,257
418,480
419,635
420,669
421,560
422,358
423,145
424,19
425,31
426,183
427,407
428,598
429,676
430,609
431,430
432,211
433,47
434,9
435,122
436,333
437,544
438,663
439,644
440,502
441,282
442,88
443,1
444,71
445,259
446,481
447,635
448,667
449,558
450,355
451,143
452,17
453,32
454,184
455,408
456,599
457,675
458,608
459,428
460,209
461,45
462,9
463,124
464,336
465,546
466,663
467,644
468,501
469,281
470,88
471,2
472,73
473,262
474,485
475,639
476,668
477,558
478,356
479,144
480,19
481,35
482,189
483,413
484,603
485,679
486,610
487,429
488,211
489,48
490,12
491,128
492,340
493,550
494,667
495,645
496,502
497,282
498,88
499,3
500,76
501,265
502,487
503,640
504,669
505,558
506,355
507,143
508,19
509,36
510,190
511,414
0,2
1,168
2,389
3,586
4,674
5,618
6,446
7,227
8,56
9,5
10,108
11,316
12,531
13,658
14,650
15,517
16,300
17,101
18,3
19,61
20,242
21,465
22,628
23,671
24,572
25,374
26,157
27,23
28,26
29,171
30,392
31,589
32,680
33,619
34,445
35,227
36,57
37,7
38,112
39,320
40,535
41,661
42,652
43,517
44,301
45,103
46,5
47,65
48,245
49,469
50,631
51,673
52,574
53,375
54,158
55,25
56,28
57,173
58,395
59,591
60,677
61,619
62,445
63,227
64,56
65,8
66,113
67,322
68,536
69,661
70,651
71,516
72,299
73,101
74,5
75,65
76,246
77,469
78,631
79,672
80,571
81,373
82,155
83,23
84,28
85,174
86,396
87,591
88,676
89,617
90,442
91,224
92,55
93,8
94,114
95,322
96,537
97,661
98,650
99,513
100,296
101,99
102,4
103,65
104,247
105,471
106,630
107,671
108,569
109,370
110,153
111,21
112,28
113,174
114,396
115,591
116,675
117,616
118,440
119,221
120,53
121,7
122,114
123,323
124,537
125,660
126,648
127,511
128,294
129,97
130,2
131,65
132,248
133,471
134,630
135,669
136,567
137,370
138,151
139,20
140,28
141,175
142,398
143,592
144,675
145,614
146,438
147,219
148,52
149,6
150,115
151,324
152,537
153,660
154,647
155,509
156,292
157,95
158,2
159,66
160,250
161,473
162,632
163,669
164,565
165,366
166,150
167,20
168,29
169,177
170,400
171,594
172,676
173,614
174,437
175,219
176,52
177,9
178,118
179,327
180,541
181,663
182,649
183,510
184,293
185,97
186,4
187,69
188,254
189,477
190,636
191,671
192,568
193,367
194,151
195,22
196,33
197,181
198,404
199,597
200,678
201,615
202,437
203,218
204,53
205,10
206,120
207,330
208,543
209,664
210,648
211,508
212,291
213,95
214,3
215,70
216,256
217,478
218,635
219,670
220,565
221,364
222,149
223,20
224,32
225,182
226,405
227,597
228,677
229,613
230,434
231,215
232,51
233,10
234,121
235,331
236,544
237,663
238,646
239,506
240,288
241,93
242,2
243,70
244,257
245,479
246,635
247,669
248,563
249,361
250,146
251,19
252,32
253,183
254,406
255,598
256,677
257,612
258,432
259,213
260,49
261,10
262,121
263,332
264,544
265,663
266,644
267,503
268,286
269,91
270,1
271,70
272,257
273,480
274,635
275,668
276,561
277,359
278,145
279,18
280,32
281,184
282,407
283,598
284,676
285,609
286,429
287,210
288,47
289,9
290,122
291,333
292,545
293,663
294,643
295,501
296,283
297,89
298,0
299,71
300,259
301,482
302,635
303,667
304,559
305,356
306,142
307,17
308,33
309,186
310,409
311,599
312,677
313,609
314,427
315,209
316,47
317,10
318,125
319,337
320,547
321,665
322,644
323,501
324,283
325,90
326,2
327,74
328,264
329,486
330,639
331,669
332,560
333,357
334,144
335,19
336,36
337,190
338,413
339,603
340,679
341,610
342,430
343,209
344,48
345,12
346,128
347,339
348,549
349,667
350,644
351,500
352,281
353,88
354,2
355,75
356,265
357,488
358,640
359,668
360,558
361,355
362,142
363,17
364,36
365,191
366,414
367,603
368,679
369,609
370,425
371,206
372,46
373,12
374,128
375,341
376,550
377,666
378,642
379,497
380,279
381,86
382,1
383,75
384,266
385,488
386,639
387,667
388,556
389,352
390,139
391,16
392,36
393,192
394,415
395,603
396,677
397,607
398,422
399,203
400,44
401,11
402,129
403,342
404,551
405,665
406,642
407,494
408,276
409,84
410,0
411,76
412,267
413,489
414,639
415,665
416,553
417,349
418,137
419,15
420,36
421,193
422,416
423,603
424,677
425,605
426,420
427,201
428,42
429,11
430,130
431,343
432,552
433,665
434,639
435,491
436,273
437,82
438,0
439,76
440,268
441,490
442,640
443,664
444,552
445,347
446,135
447,14
448,37
449,195
450,418
451,605
452,677
453,604
454,418
455,199
456,42
457,12
458,132
459,346
460,554
461,667
462,639
463,491
464,273
465,83
466,0
467,79
468,273
469,495
470,643
471,667
472,553
473,348
474,136
475,16
476,41
477,200
478,423
479,609
480,680
481,605
482,418
483,200
484,44
485,15
486,136
487,350
488,557
489,669
490,639
491,491
492,272
493,83
494,1
495,82
496,275
497,497
498,643
499,666
500,551
501,345
502,134
503,15
504,41
505,201
506,424
507,609
508,678
509,603
510,415
511,196
0,6
1,120
2,330
3,542
4,663
5,646
6,505
7,286
8,91
9,2
10,70
11,256
12,479
13,636
14,669
15,562
16,360
17,148
18,20
19,32
20,184
21,407
22,599
23,677
24,611
25,434
26,215
27,50
28,10
29,123
30,334
31,546
32,665
33,648
34,507
35,287
36,92
37,4
38,74
39,260
40,482
41,639
42,671
43,562
44,360
45,147
46,21
47,34
48,186
49,409
50,601
51,678
52,611
53,432
54,213
55,49
56,10
57,124
58,336
59,546
60,665
61,646
62,504
63,284
64,90
65,3
66,73
67,261
68,483
69,638
70,669
71,559
72,357
73,144
74,19
75,34
76,187
77,410
78,601
79,678
80,609
81,429
82,211
83,47
84,10
85,125
86,337
87,547
88,664
89,645
90,501
91,282
92,88
93,2
94,74
95,262
96,484
97,637
98,668
99,557
100,355
101,142
102,18
103,34
104,188
105,411
106,601
107,676
108,608
109,426
110,208
111,45
112,10
113,126
114,338
115,547
116,664
117,643
118,499
119,278
120,85
121,0
122,74
123,263
124,485
125,637
126,667
127,555
128,352
129,140
130,16
131,34
132,189
133,412
134,601
135,676
136,605
137,424
138,205
139,44
140,9
141,127
142,339
143,548
144,664
145,641
146,497
147,276
148,85
149,0
150,75
151,265
152,487
153,641
154,667
155,555
156,351
157,140
158,17
159,36
160,192
161,416
162,604
163,678
164,606
165,425
166,206
167,45
168,12
169,130
170,343
171,553
172,667
173,644
174,498
175,277
176,86
177,3
178,79
179,270
180,492
181,643
182,669
183,556
184,351
185,140
186,18
187,38
188,195
189,419
190,607
191,679
192,606
193,423
194,204
195,44
196,13
197,132
198,345
199,554
200,667
201,642
202,495
203,275
204,84
205,1
206,79
207,271
208,493
209,643
210,667
211,553
212,348
213,138
214,17
215,38
216,196
217,420
218,607
219,678
220,605
221,420
222,202
223,42
224,12
225,133
226,347
227,554
228,667
229,641
230,493
231,272
232,82
233,0
234,79
235,272
236,494
237,643
238,665
239,550
240,345
241,135
242,15
243,38
244,197
245,421
246,607
247,677
248,603
249,417
250,199
251,41
252,12
253,133
254,348
255,554
256,667
257,638
258,490
259,269
260,80
261,0
262,79
263,273
264,495
265,643
266,664
267,548
268,343
269,133
270,14
271,38
272,198
273,422
274,607
275,676
276,601
277,415
278,196
279,39
280,12
281,134
282,348
283,554
284,666
285,637
286,487
287,267
288,78
289,0
290,80
291,274
292,496
293,643
294,664
295,547
296,341
297,132
298,14
299,40
300,201
301,425
302,609
303,677
304,601
305,415
306,196
307,40
308,14
309,137
310,352
311,559
312,669
313,639
314,488
315,268
316,80
317,1
318,84
319,279
320,501
321,647
322,666
323,548
324,342
325,134
326,16
327,43
328,205
329,428
330,612
331,678
332,601
333,414
334,195
335,40
336,15
337,139
338,355
339,560
340,669
341,638
342,486
343,266
344,78
345,0
346,84
347,279
348,501
349,646
350,665
351,546
352,339
353,131
354,14
355,43
356,205
357,429
358,611
359,677
360,599
361,412
362,193
363,38
364,15
365,140
366,356
367,561
368,669
369,636
370,484
371,263
372,77
373,0
374,85
375,281
376,503
377,647
378,663
379,544
380,336
381,128
382,13
383,43
384,206
385,430
386,611
387,676
388,597
389,409
390,190
391,36
392,14
393,141
394,357
395,562
396,669
397,634
398,481
399,260
400,75
401,0
402,85
403,282
404,504
405,647
406,662
407,542
408,333
409,126
410,12
411,43
412,208
413,431
414,612
415,675
416,595
417,406
418,187
419,35
420,14
421,141
422,357
423,562
424,668
425,633
426,478
427,258
428,73
429,0
430,86
431,283
432,505
433,647
434,661
435,540
436,331
437,125
438,11
439,44
440,210
441,433
442,613
443,675
444,595
445,405
446,187
447,35
448,16
449,144
450,361
451,565
452,670
453,633
454,479
455,258
456,74
457,2
458,90
459,288
460,509
461,651
462,664
463,544
464,333
465,126
466,14
467,48
468,214
469,437
470,617
471,677
472,596
473,405
474,186
475,36
476,18
477,147
478,364
479,568
480,672
481,634
482,479
483,257
484,73
485,2
486,90
487,289
488,510
489,650
490,662
491,539
492,330
493,124
494,12
495,48
496,215
497,438
498,616
499,676
500,594
501,403
502,184
503,34
504,18
505,148
506,365
507,568
508,672
509,632
510,475
511,254
0,663
1,556
2,352
3,141
4,17
5,37
6,192
7,416
8,604
9,679
10,608
11,424
12,206
13,46
14,13
15,131
16,343
17,553
18,668
19,643
20,497
21,279
22,87
23,2
24,77
25,269
26,491
27,642
28,667
29,557
30,352
31,139
32,17
33,38
34,194
35,417
36,605
37,679
38,607
39,422
40,203
41,45
42,13
43,131
44,344
45,553
46,667
47,642
48,494
49,276
50,85
51,1
52,77
53,269
54,491
55,641
56,667
57,554
58,350
59,138
60,16
61,37
62,195
63,418
64,605
65,678
66,605
67,420
68,201
69,43
70,12
71,131
72,345
73,553
74,666
75,639
76,492
77,274
78,83
79,0
80,77
81,270
82,492
83,641
84,665
85,552
86,347
87,136
88,14
89,37
90,196
91,419
92,605
93,677
94,603
95,417
96,198
97,42
98,12
99,132
100,346
101,553
102,666
103,638
104,489
105,271
106,81
107,0
108,78
109,271
110,493
111,641
112,663
113,551
114,344
115,133
116,13
117,38
118,197
119,420
120,605
121,676
122,602
123,415
124,196
125,40
126,12
127,133
128,347
129,555
130,667
131,639
132,488
133,270
134,81
135,0
136,79
137,274
138,496
139,643
140,664
141,550
142,345
143,133
144,14
145,40
146,201
147,424
148,609
149,680
150,604
151,416
152,197
153,42
154,15
155,137
156,352
157,559
158,670
159,639
160,489
161,271
162,82
163,1
164,83
165,278
166,500
167,646
168,665
169,550
170,343
171,133
172,15
173,42
174,203
175,426
176,610
177,679
178,602
179,414
180,195
181,41
182,15
183,138
184,353
185,559
186,669
187,637
188,486
189,268
190,80
191,0
192,83
193,278
194,500
195,645
196,665
197,548
198,341
199,131
200,13
201,42
202,204
203,428
204,610
205,677
206,601
207,411
208,192
209,39
210,15
211,138
212,354
213,560
214,669
215,636
216,483
217,265
218,78
219,0
220,83
221,279
222,501
223,645
224,663
225,545
226,339
227,129
228,12
229,42
230,205
231,428
232,610
233,677
234,599
235,409
236,190
237,38
238,15
239,139
240,355
241,561
242,669
243,634
244,481
245,263
246,77
247,0
248,83
249,281
250,502
251,645
252,661
253,544
254,336
255,126
256,11
257,42
258,207
259,429
260,610
261,675
262,597
263,406
264,187
265,36
266,14
267,140
268,356
269,562
270,669
271,633
272,479
273,261
274,75
275,0
276,85
277,282
278,504
279,646
280,661
281,543
282,335
283,126
284,12
285,44
286,210
287,432
288,613
289,677
290,598
291,407
292,188
293,37
294,17
295,144
296,360
297,565
298,672
299,635
300,480
301,262
302,77
303,2
304,89
305,287
306,509
307,650
308,664
309,544
310,335
311,126
312,13
313,47
314,212
315,435
316,614
317,678
318,597
319,405
320,186
321,37
322,18
323,145
324,362
325,566
326,672
327,634
328,477
329,259
330,75
331,1
332,88
333,288
334,509
335,649
336,662
337,541
338,332
339,124
340,11
341,47
342,213
343,436
344,615
345,677
346,596
347,403
348,184
349,35
350,17
351,145
352,363
353,567
354,671
355,632
356,475
357,257
358,73
359,0
360,89
361,288
362,509
363,649
364,661
365,539
366,330
367,122
368,10
369,46
370,213
371,437
372,614
373,675
374,593
375,400
376,182
377,34
378,18
379,146
380,364
381,567
382,671
383,630
384,473
385,254
386,71
387,0
388,89
389,289
390,511
391,649
392,659
393,537
394,327
395,120
396,9
397,47
398,216
399,438
400,615
401,674
402,591
403,397
404,179
405,32
406,17
407,147
408,365
409,568
410,670
411,628
412,471
413,251
414,70
415,0
416,90
417,291
418,513
419,650
420,659
421,537
422,326
423,119
424,9
425,49
426,218
427,441
428,617
429,675
430,592
431,398
432,179
433,33
434,19
435,150
436,369
437,571
438,673
439,630
440,472
441,253
442,72
443,3
444,94
445,295
446,517
447,653
448,660
449,537
450,327
451,120
452,11
453,51
454,221
455,444
456,619
457,677
458,592
459,398
460,179
461,33
462,20
463,152
464,370
465,573
466,673
467,630
468,470
469,251
470,71
471,2
472,94
473,296
474,516
475,652
476,660
477,535
478,325
479,118
480,10
481,51
482,221
483,444
484,619
485,676
486,590
487,395
488,176
489,32
490,20
491,154
492,371
493,573
494,673
495,628
496,467
497,248
498,69
499,2
500,94
501,297
502,517
503,652
504,659
505,533
506,322
507,116
508,9
509,51
510,223
511,446
0,535
1,204
2,44
3,14
4,133
5,347
6,554
7,667
8,642
9,495
10,274
11,83
12,2
13,80
14,271
15,494
16,643
17,668
18,553
19,347
20,138
21,17
22,39
23,197
24,421
25,607
26,680
27,604
28,419
29,201
30,42
31,13
32,133
33,347
34,555
35,672
36,640
37,492
38,272
39,81
40,0
41,80
42,272
43,495
44,643
45,666
46,551
47,345
48,135
49,15
50,39
51,198
52,422
53,612
54,677
55,603
56,417
57,198
58,41
59,12
60,134
61,349
62,556
63,667
64,638
65,489
66,269
67,80
68,0
69,80
70,274
71,497
72,643
73,665
74,548
75,342
76,133
77,14
78,39
79,199
80,423
81,607
82,676
83,600
84,414
85,196
86,39
87,12
88,135
89,350
90,556
91,667
92,637
93,487
94,266
95,78
96,0
97,80
98,274
99,496
100,643
101,663
102,546
103,339
104,131
105,13
106,39
107,200
108,424
109,607
110,675
111,599
112,413
113,194
114,38
115,13
116,138
117,352
118,558
119,668
120,637
121,485
122,265
123,78
124,0
125,83
126,278
127,500
128,646
129,665
130,547
131,339
132,131
133,15
134,43
135,205
136,429
137,612
138,678
139,601
140,413
141,195
142,40
143,16
144,141
145,357
146,562
147,671
148,638
149,486
150,266
151,78
152,1
153,86
154,282
155,503
156,647
157,665
158,546
159,338
160,130
161,14
162,44
163,207
164,430
165,612
166,678
167,599
168,411
169,192
170,38
171,16
172,141
173,357
174,562
175,670
176,636
177,483
178,263
179,76
180,0
181,85
182,283
183,504
184,647
185,664
186,543
187,335
188,128
189,13
190,44
191,208
192,431
193,612
194,676
195,597
196,408
197,189
198,36
199,15
200,142
201,358
202,563
203,669
204,635
205,481
206,259
207,75
208,0
209,86
210,283
211,505
212,647
213,662
214,541
215,333
216,126
217,12
218,44
219,209
220,432
221,612
222,675
223,595
224,405
225,187
226,35
227,15
228,142
229,359
230,563
231,669
232,633
233,478
234,258
235,73
236,0
237,86
238,284
239,505
240,647
241,661
242,539
243,330
244,124
245,11
246,44
247,210
248,433
249,612
250,674
251,593
252,403
253,184
254,34
255,16
256,144
257,361
258,564
259,669
260,632
261,476
262,256
263,72
264,0
265,89
266,287
267,509
268,649
269,662
270,539
271,330
272,124
273,12
274,47
275,214
276,437
277,616
278,676
279,595
280,404
281,185
282,35
283,19
284,148
285,365
286,568
287,673
288,634
289,477
290,257
291,73
292,2
293,91
294,291
295,512
296,651
297,663
298,539
299,329
300,124
301,12
302,48
303,216
304,439
305,617
306,676
307,593
308,402
309,183
310,34
311,18
312,148
313,366
314,569
315,672
316,632
317,475
318,255
319,72
320,2
321,91
322,291
323,512
324,651
325,661
326,537
327,327
328,122
329,11
330,48
331,217
332,440
333,617
334,675
335,591
336,399
337,181
338,33
339,18
340,149
341,367
342,569
343,671
344,631
345,473
346,251
347,70
348,1
349,92
350,292
351,513
352,651
353,660
354,536
355,325
356,119
357,10
358,49
359,218
360,441
361,617
362,674
363,589
364,397
365,179
366,31
367,18
368,149
369,367
370,570
371,671
372,629
373,470
374,249
375,68
376,1
377,92
378,293
379,513
380,650
381,659
382,533
383,322
384,117
385,9
386,49
387,219
388,442
389,617
390,673
391,587
392,394
393,176
394,29
395,18
396,150
397,369
398,571
399,671
400,627
401,468
402,247
403,67
404,1
405,94
406,296
407,516
408,651
409,659
410,532
411,321
412,117
413,10
414,52
415,223
416,446
417,620
418,675
419,588
420,395
421,177
422,31
423,21
424,155
425,374
426,575
427,674
428,629
429,468
430,247
431,69
432,4
433,98
434,300
435,520
436,655
437,660
438,533
439,321
440,117
441,10
442,53
443,225
444,449
445,621
446,676
447,587
448,393
449,175
450,31
451,21
452,156
453,376
454,576
455,673
456,628
457,465
458,244
459,66
460,3
461,99
462,301
463,521
464,655
465,659
466,529
467,318
468,114
469,9
470,53
471,226
472,449
473,622
474,674
475,585
476,391
477,173
478,29
479,21
480,157
481,377
482,577
483,673
484,626
485,463
486,242
487,65
488,3
489,99
490,302
491,521
492,655
493,657
494,528
495,315
496,112
497,8
498,54
499,228
500,451
501,622
502,673
503,583
504,388
505,170
506,28
507,21
508,158
509,378
510,578
511,673
0,98
1,1
2,83
3,280
4,501
5,646
6,665
7,548
8,341
9,130
10,14
11,42
12,205
13,428
14,611
15,678
16,600
17,411
18,192
19,39
20,15
21,139
22,355
23,561
24,669
25,636
26,483
27,265
28,78
29,0
30,84
31,280
32,502
33,646
34,663
35,545
36,338
37,128
38,12
39,43
40,206
41,429
42,611
43,677
44,599
45,408
46,189
47,37
48,15
49,140
50,356
51,561
52,669
53,634
54,480
55,262
56,76
57,0
58,84
59,281
60,504
61,646
62,662
63,543
64,335
65,126
66,11
67,43
68,207
69,430
70,611
71,676
72,596
73,405
74,186
75,35
76,15
77,141
78,357
79,562
80,669
81,632
82,478
83,259
84,74
85,0
86,85
87,283
88,504
89,646
90,661
91,541
92,333
93,124
94,10
95,44
96,209
97,432
98,611
99,675
100,595
101,404
102,185
103,35
104,16
105,143
106,360
107,565
108,670
109,632
110,478
111,259
112,75
113,1
114,88
115,288
116,509
117,649
118,663
119,542
120,333
121,125
122,12
123,48
124,214
125,437
126,617
127,678
128,597
129,404
130,186
131,37
132,19
133,147
134,363
135,568
136,672
137,633
138,477
139,259
140,75
141,2
142,90
143,289
144,511
145,650
146,662
147,541
148,331
149,123
150,11
151,48
152,215
153,438
154,615
155,677
156,595
157,402
158,183
159,35
160,18
161,147
162,365
163,569
164,672
165,632
166,474
167,255
168,73
169,1
170,90
171,290
172,511
173,650
174,660
175,539
176,329
177,121
178,10
179,48
180,215
181,440
182,615
183,676
184,593
185,399
186,181
187,33
188,18
189,148
190,365
191,569
192,671
193,630
194,471
195,252
196,71
197,0
198,91
199,291
200,513
201,650
202,659
203,536
204,326
205,119
206,9
207,48
208,217
209,440
210,616
211,675
212,591
213,396
214,178
215,32
216,18
217,149
218,367
219,569
220,671
221,628
222,469
223,250
224,69
225,0
226,91
227,293
228,513
229,650
230,658
231,534
232,323
233,117
234,8
235,49
236,219
237,441
238,617
239,675
240,589
241,394
242,176
243,31
244,19
245,150
246,369
247,571
248,672
249,627
250,468
251,249
252,70
253,2
254,94
255,296
256,516
257,652
258,659
259,534
260,323
261,117
262,10
263,52
264,223
265,446
266,620
267,677
268,591
269,395
270,177
271,33
272,22
273,155
274,374
275,575
276,675
277,629
278,467
279,249
280,69
281,3
282,97
283,299
284,519
285,654
286,659
287,533
288,322
289,116
290,9
291,53
292,225
293,448
294,621
295,675
296,588
297,392
298,174
299,31
300,21
301,155
302,374
303,575
304,673
305,627
306,465
307,246
308,68
309,2
310,97
311,299
312,520
313,653
314,658
315,531
316,319
317,114
318,8
319,53
320,225
321,448
322,621
323,675
324,586
325,390
326,172
327,30
328,21
329,155
330,375
331,575
332,673
333,625
334,463
335,244
336,66
337,2
338,97
339,301
340,520
341,653
342,657
343,529
344,317
345,112
346,7
347,53
348,227
349,449
350,621
351,673
352,585
353,387
354,170
355,28
356,21
357,156
358,376
359,576
360,672
361,623
362,460
363,241
364,64
365,1
366,98
367,302
368,521
369,653
370,655
371,527
372,314
373,109
374,6
375,53
376,228
377,450
378,621
379,673
380,582
381,385
382,167
383,27
384,21
385,158
386,379
387,577
388,673
389,623
390,458
391,239
392,64
393,3
394,101
395,305
396,524
397,654
398,656
399,527
400,314
401,110
402,7
403,57
404,232
405,455
406,624
407,675
408,584
409,386
410,169
411,29
412,24
413,162
414,385
415,582
416,676
417,624
418,459
419,240
420,65
421,5
422,104
423,309
424,527
425,658
426,656
427,526
428,313
429,109
430,8
431,58
432,234
433,457
434,625
435,674
436,581
437,383
438,166
439,27
440,25
441,163
442,384
443,582
444,676
445,622
446,456
447,237
448,63
449,4
450,105
451,310
452,528
453,656
454,655
455,524
456,310
457,106
458,6
459,58
460,236
461,458
462,625
463,673
464,580
465,380
466,164
467,26
468,24
469,164
470,385
471,583
472,675
473,621
474,453
475,234
476,61
477,4
478,105
479,311
480,528
481,656
482,653
483,521
484,307
485,104
486,5
487,59
488,236
489,459
490,625
491,672
492,577
493,378
494,162
495,24
496,24
497,165
498,386
499,584
500,674
501,618
502,450
503,231
504,59
505,3
506,106
507,312
508,529
509,656
510,652
511,519
0,654
1,341
2,132
3,14
4,42
5,204
6,427
7,610
8,677
9,600
10,413
11,194
12,39
13,14
14,139
15,354
16,560
17,669
18,637
19,487
20,264
21,77
22,0
23,83
24,279
25,501
26,645
27,664
28,545
29,338
30,130
31,13
32,42
33,205
34,428
35,610
36,676
37,599
38,410
39,191
40,37
41,14
42,139
43,355
44,560
45,668
46,635
47,483
48,262
49,75
50,0
51,84
52,280
53,502
54,645
55,663
56,542
57,335
58,127
59,12
60,42
61,205
62,429
63,610
64,675
65,597
66,408
67,189
68,35
69,14
70,141
71,356
72,561
73,667
74,633
75,480
76,260
77,74
78,0
79,84
80,281
81,503
82,647
83,661
84,541
85,333
86,126
87,11
88,43
89,209
90,431
91,612
92,676
93,595
94,406
95,188
96,36
97,16
98,143
99,359
100,564
101,671
102,634
103,480
104,260
105,75
106,1
107,88
108,286
109,508
110,649
111,664
112,543
113,334
114,127
115,14
116,47
117,212
118,435
119,616
120,677
121,597
122,407
123,188
124,36
125,17
126,145
127,362
128,566
129,671
130,635
131,479
132,259
133,74
134,1
135,89
136,287
137,509
138,650
139,663
140,541
141,332
142,125
143,12
144,47
145,213
146,436
147,615
148,676
149,595
150,404
151,185
152,35
153,17
154,146
155,363
156,570
157,671
158,633
159,476
160,256
161,72
162,1
163,90
164,288
165,510
166,649
167,661
168,538
169,329
170,123
171,11
172,47
173,214
174,437
175,615
176,674
177,592
178,401
179,182
180,33
181,17
182,147
183,364
184,568
185,670
186,631
187,474
188,253
189,70
190,0
191,90
192,289
193,511
194,649
195,660
196,537
197,327
198,121
199,10
200,47
201,215
202,438
203,615
204,674
205,591
206,400
207,181
208,32
209,16
210,147
211,365
212,568
213,670
214,630
215,472
216,251
217,70
218,0
219,90
220,290
221,511
222,649
223,660
224,534
225,325
226,119
227,9
228,48
229,216
230,440
231,616
232,674
233,590
234,398
235,180
236,32
237,18
238,149
239,368
240,570
241,671
242,630
243,471
244,251
245,70
246,2
247,94
248,294
249,515
250,653
251,661
252,536
253,325
254,120
255,11
256,51
257,221
258,445
259,620
260,676
261,591
262,398
263,180
264,33
265,21
266,153
267,372
268,573
269,673
270,630
271,470
272,249
273,69
274,3
275,95
276,296
277,517
278,653
279,660
280,534
281,323
282,118
283,10
284,51
285,222
286,446
287,620
288,675
289,589
290,395
291,177
292,31
293,20
294,153
295,372
296,574
297,673
298,628
299,468
300,247
301,67
302,2
303,96
304,298
305,517
306,653
307,659
308,531
309,320
310,116
311,9
312,52
313,223
314,446
315,620
316,674
317,587
318,393
319,174
320,29
321,20
322,154
323,373
324,574
325,671
326,627
327,465
328,244
329,66
330,2
331,97
332,299
333,518
334,653
335,658
336,529
337,317
338,114
339,8
340,52
341,225
342,448
343,620
344,672
345,585
346,389
347,172
348,28
349,19
350,155
351,375
352,575
353,672
354,625
355,463
356,241
357,64
358,1
359,97
360,300
361,519
362,653
363,656
364,527
365,315
366,112
367,7
368,52
369,226
370,449
371,622
372,672
373,583
374,387
375,171
376,27
377,20
378,157
379,377
380,577
381,673
382,625
383,461
384,241
385,64
386,3
387,100
388,304
389,523
390,655
391,658
392,528
393,315
394,113
395,9
396,56
397,230
398,453
399,624
400,674
401,585
402,389
403,172
404,29
405,24
406,161
407,381
408,580
409,675
410,626
411,461
412,240
413,64
414,5
415,103
416,306
417,525
418,657
419,658
420,527
421,313
422,111
423,9
424,57
425,232
426,455
427,625
428,674
429,582
430,386
431,169
432,28
433,23
434,161
435,382
436,581
437,674
438,623
439,459
440,237
441,63
442,4
443,103
444,307
445,525
446,657
447,657
448,525
449,311
450,109
451,7
452,57
453,233
454,455
455,624
456,672
457,579
458,384
459,167
460,26
461,23
462,162
463,383
464,581
465,673
466,623
467,456
468,235
469,61
470,4
471,104
472,308
473,526
474,656
475,655
476,524
477,308
478,107
479,6
480,57
481,234
482,457
483,625
484,671
485,577
486,381
487,164
488,25
489,23
490,163
491,384
492,582
493,673
494,620
495,453
496,232
497,59
498,3
499,104
500,309
501,527
502,655
503,654
504,520
505,305
506,105
507,5
508,57
509,235
510,458
511,625
0,373
1,39
2,15
3,140
4,355
5,561
6,669
7,637
8,482
9,264
10,77
11,0
12,84
13,281
14,503
15,646
16,662
17,544
18,337
19,127
20,12
21,43
22,207
23,430
24,611
25,677
26,597
27,407
28,188
29,36
30,15
31,140
32,357
33,561
34,669
35,633
36,479
37,261
38,76
39,0
40,85
41,283
42,504
43,646
44,661
45,542
46,333
47,125
48,11
49,43
50,208
51,431
52,611
53,675
54,596
55,404
56,185
57,35
58,15
59,142
60,358
61,563
62,668
63,632
64,477
65,258
66,73
67,0
68,86
69,284
70,506
71,649
72,661
73,541
74,332
75,124
76,11
77,45
78,211
79,434
80,614
81,676
82,596
83,404
84,185
85,36
86,18
87,145
88,362
89,567
90,672
91,633
92,477
93,259
94,75
95,2
96,90
97,289
98,511
99,650
100,663
101,542
102,333
103,125
104,13
105,48
106,215
107,438
108,616
109,677
110,596
111,403
112,184
113,36
114,19
115,147
116,364
117,568
118,672
119,632
120,475
121,257
122,74
123,1
124,90
125,290
126,511
127,650
128,661
129,539
130,330
131,122
132,11
133,48
134,215
135,438
136,616
137,677
138,594
139,401
140,182
141,34
142,18
143,147
144,365
145,568
146,672
147,631
148,473
149,254
150,72
151,1
152,90
153,291
154,512
155,650
156,660
157,537
158,328
159,121
160,10
161,48
162,216
163,439
164,616
165,675
166,592
167,398
168,180
169,33
170,18
171,148
172,366
173,569
174,671
175,629
176,471
177,251
178,70
179,0
180,91
181,291
182,513
183,650
184,659
185,536
186,326
187,118
188,9
189,48
190,218
191,440
192,616
193,675
194,590
195,396
196,178
197,31
198,18
199,149
200,367
201,569
202,671
203,627
204,469
205,250
206,69
207,0
208,91
209,292
210,513
211,650
212,659
213,535
214,324
215,117
216,9
217,49
218,219
219,442
220,617
221,675
222,590
223,396
224,177
225,32
226,19
227,151
228,370
229,572
230,673
231,629
232,469
233,251
234,70
235,3
236,95
237,297
238,517
239,654
240,661
241,536
242,325
243,119
244,11
245,53
246,223
247,446
248,620
249,677
250,590
251,395
252,177
253,32
254,21
255,154
256,373
257,574
258,674
259,629
260,468
261,249
262,69
263,2
264,96
265,298
266,518
267,653
268,659
269,534
270,322
271,116
272,9
273,53
274,224
275,447
276,621
277,675
278,589
279,393
280,174
281,31
282,21
283,154
284,373
285,575
286,673
287,627
288,465
289,246
290,68
291,2
292,96
293,299
294,519
295,653
296,658
297,531
298,320
299,114
300,8
301,52
302,225
303,448
304,620
305,674
306,587
307,390
308,172
309,29
310,20
311,155
312,375
313,575
314,673
315,625
316,463
317,244
318,66
319,2
320,97
321,300
322,520
323,652
324,656
325,529
326,317
327,112
328,7
329,52
330,226
331,449
332,620
333,673
334,584
335,387
336,170
337,28
338,20
339,155
340,375
341,576
342,672
343,623
344,460
345,241
346,64
347,1
348,98
349,301
350,520
351,652
352,655
353,527
354,315
355,110
356,6
357,53
358,228
359,450
360,623
361,673
362,583
363,386
364,169
365,28
366,22
367,158
368,379
369,579
370,674
371,624
372,460
373,241
374,66
375,4
376,101
377,305
378,524
379,656
380,657
381,529
382,316
383,112
384,9
385,57
386,233
387,455
388,625
389,675
390,586
391,387
392,170
393,29
394,25
395,162
396,382
397,582
398,676
399,624
400,459
401,239
402,65
403,4
404,103
405,308
406,526
407,656
408,657
409,527
410,313
411,109
412,8
413,58
414,234
415,456
416,625
417,675
418,582
419,384
420,167
421,28
422,24
423,162
424,383
425,581
426,675
427,623
428,457
429,237
430,63
431,4
432,104
433,309
434,527
435,656
436,655
437,524
438,311
439,107
440,6
441,58
442,234
443,457
444,625
445,673
446,580
447,381
448,164
449,26
450,24
451,163
452,384
453,582
454,675
455,621
456,453
457,234
458,61
459,4
460,105
461,310
462,527
463,656
464,653
465,522
466,308
467,105
468,5
469,58
470,236
471,458
472,625
473,672
474,577
475,378
476,162
477,25
478,24
479,164
480,385
481,583
482,674
483,619
484,451
485,232
486,59
487,3
488,105
489,311
490,528
491,655
492,652
493,520
494,307
495,103
496,4
497,58
498,237
499,459
500,626
501,671
502,575
503,377
504,162
505,24
506,25
507,166
508,387
509,585
510,675
511,619
0,576
1,264
2,77
3,0
4,84
5,280
6,501
7,645
8,663
9,544
10,337
11,129
12,13
13,42
14,205
15,429
16,611
17,675
18,597
19,409
20,190
21,36
22,14
23,139
24,356
25,561
26,668
27,635
28,484
29,261
30,75
31,0
32,84
33,281
34,503
35,645
36,662
37,542
38,334
39,126
40,12
41,42
42,206
43,429
44,611
45,675
46,595
47,407
48,188
49,35
50,14
51,141
52,357
53,562
54,668
55,633
56,479
57,259
58,74
59,0
60,86
61,283
62,505
63,647
64,662
65,541
66,333
67,126
68,12
69,45
70,210
71,434
72,613
73,677
74,597
75,407
76,188
77,37
78,17
79,145
80,362
81,566
82,672
83,636
84,481
85,260
86,76
87,2
88,90
89,287
90,509
91,651
92,664
93,542
94,333
95,126
96,13
97,47
98,213
99,436
100,615
101,678
102,595
103,405
104,187
105,36
106,17
107,146
108,363
109,567
110,672
111,634
112,478
113,257
114,73
115,1
116,89
117,288
118,509
119,650
120,663
121,539
122,330
123,124
124,12
125,47
126,214
127,437
128,615
129,680
130,594
131,402
132,184
133,34
134,17
135,147
136,364
137,567
138,671
139,632
140,475
141,254
142,71
143,1
144,90
145,289
146,510
147,649
148,661
149,537
150,327
151,122
152,11
153,47
154,214
155,438
156,616
157,675
158,592
159,400
160,182
161,33
162,17
163,147
164,365
165,567
166,670
167,630
168,473
169,252
170,70
171,0
172,90
173,290
174,511
175,650
176,660
177,536
178,325
179,120
180,10
181,47
182,215
183,438
184,615
185,674
186,590
187,398
188,179
189,31
190,17
191,148
192,366
193,568
194,671
195,629
196,471
197,250
198,69
199,0
200,91
201,292
202,513
203,651
204,660
205,534
206,324
207,119
208,10
209,49
210,219
211,442
212,618
213,675
214,590
215,397
216,179
217,32
218,20
219,152
220,370
221,572
222,673
223,631
224,471
225,250
226,71
227,3
228,96
229,296
230,517
231,654
232,661
233,535
234,325
235,120
236,11
237,52
238,222
239,445
240,620
241,676
242,590
243,397
244,178
245,32
246,20
247,153
248,372
249,574
250,673
251,629
252,469
253,248
254,69
255,3
256,96
257,297
258,517
259,653
260,660
261,533
262,322
263,117
264,10
265,52
266,223
267,446
268,620
269,680
270,588
271,394
272,176
273,30
274,20
275,154
276,373
277,574
278,672
279,628
280,467
281,245
282,67
283,2
284,96
285,298
286,517
287,653
288,658
289,530
290,319
291,115
292,9
293,52
294,224
295,447
296,620
297,674
298,585
299,391
300,173
301,29
302,19
303,154
304,374
305,574
306,672
307,626
308,464
309,243
310,65
311,2
312,97
313,299
314,519
315,653
316,657
317,528
318,317
319,113
320,8
321,52
322,225
323,448
324,620
325,672
326,583
327,389
328,171
329,27
330,20
331,155
332,375
333,575
334,671
335,625
336,461
337,241
338,63
339,2
340,98
341,301
342,520
343,653
344,657
345,527
346,315
347,112
348,8
349,54
350,227
351,451
352,621
353,673
354,584
355,389
356,171
357,28
358,22
359,158
360,379
361,579
362,674
363,626
364,462
365,241
366,65
367,5
368,102
369,306
370,524
371,657
372,659
373,529
374,316
375,113
376,10
377,57
378,232
379,455
380,625
381,675
382,584
383,387
384,170
385,29
386,23
387,161
388,382
389,580
390,674
391,625
392,460
393,239
394,64
395,4
396,103
397,307
398,525
399,657
400,657
401,526
402,314
403,110
404,8
405,57
406,232
407,456
408,625
409,673
410,581
411,385
412,168
413,27
414,23
415,162
416,383
417,581
418,674
419,623
420,457
421,236
422,62
423,4
424,104
425,308
426,526
427,657
428,655
429,523
430,310
431,108
432,7
433,57
434,234
435,457
436,625
437,672
438,579
439,382
440,166
441,25
442,23
443,163
444,384
445,582
446,673
447,621
448,454
449,234
450,60
451,4
452,105
453,309
454,527
455,656
456,654
457,521
458,306
459,106
460,6
461,58
462,235
463,458
464,625
465,671
466,577
467,379
468,163
469,24
470,23
471,164
472,385
473,582
474,673
475,620
476,452
477,231
478,58
479,3
480,105
481,310
482,527
483,656
484,653
485,519
486,305
487,104
488,5
489,58
490,237
491,460
492,626
493,671
494,576
495,378
496,163
497,25
498,26
499,166
500,388
501,586
502,675
503,621
504,452
505,231
506,59
507,6
508,109
509,315
510,531
511,659
0,26
1,41
2,203
3,426
4,609
5,677
6,599
7,410
8,191
9,38
10,14
11,137
12,352
13,558
14,668
15,635
16,483
17,265
18,77
19,0
20,82
21,278
22,500
23,644
24,662
25,545
26,338
27,128
28,11
29,41
30,204
31,426
32,609
33,675
34,598
35,408
36,190
37,37
38,15
39,138
40,354
41,561
42,669
43,634
44,482
45,264
46,77
47,0
48,84
49,280
50,503
51,646
52,663
53,545
54,338
55,128
56,13
57,44
58,208
59,431
60,612
61,678
62,600
63,409
64,191
65,39
66,17
67,143
68,358
69,564
70,672
71,637
72,483
73,264
74,78
75,1
76,87
77,284
78,505
79,648
80,664
81,545
82,337
83,128
84,13
85,45
86,210
87,433
88,613
89,678
90,599
91,408
92,188
93,38
94,17
95,143
96,359
97,564
98,671
99,634
100,480
101,261
102,76
103,0
104,87
105,285
106,506
107,648
108,663
109,543
110,335
111,126
112,12
113,45
114,210
115,433
116,613
117,677
118,597
119,405
120,186
121,36
122,17
123,144
124,360
125,565
126,670
127,633
128,477
129,259
130,75
131,0
132,87
133,286
134,508
135,648
136,661
137,541
138,332
139,124
140,11
141,45
142,211
143,434
144,613
145,676
146,595
147,403
148,184
149,35
150,16
151,144
152,361
153,565
154,670
155,631
156,475
157,257
158,74
159,0
160,87
161,287
162,508
163,648
164,660
165,539
166,331
167,122
168,10
169,45
170,212
171,435
172,613
173,675
174,593
175,400
176,182
177,33
178,16
179,145
180,363
181,566
182,670
183,630
184,473
185,255
186,73
187,0
188,89
189,289
190,510
191,649
192,661
193,538
194,329
195,122
196,11
197,48
198,216
199,439
200,617
201,677
202,594
203,401
204,182
205,35
206,20
207,149
208,367
209,571
210,673
211,632
212,474
213,256
214,73
215,2
216,92
217,293
218,514
219,652
220,661
221,539
222,329
223,121
224,11
225,50
226,219
227,442
228,618
229,677
230,593
231,399
232,180
233,33
234,19
235,150
236,368
237,571
238,673
239,630
240,471
241,253
242,71
243,1
244,92
245,293
246,514
247,651
248,659
249,536
250,325
251,119
252,10
253,50
254,220
255,442
256,617
257,675
258,591
259,396
260,178
261,32
262,19
263,150
264,369
265,571
266,672
267,628
268,469
269,250
270,69
271,1
272,93
273,295
274,515
275,651
276,659
277,534
278,323
279,117
280,8
281,50
282,220
283,443
284,617
285,675
286,589
287,393
288,175
289,31
290,19
291,152
292,370
293,572
294,672
295,626
296,466
297,247
298,68
299,1
300,94
301,296
302,516
303,651
304,657
305,532
306,321
307,115
308,7
309,50
310,222
311,444
312,618
313,673
314,587
315,390
316,173
317,29
318,19
319,152
320,372
321,572
322,672
323,625
324,463
325,245
326,67
327,1
328,94
329,298
330,518
331,652
332,657
333,531
334,319
335,114
336,8
337,52
338,225
339,449
340,621
341,675
342,588
343,391
344,174
345,31
346,22
347,158
348,376
349,577
350,675
351,627
352,465
353,246
354,68
355,4
356,99
357,303
358,522
359,656
360,660
361,533
362,320
363,115
364,10
365,56
366,228
367,451
368,623
369,675
370,587
371,390
372,173
373,31
374,23
375,158
376,378
377,578
378,675
379,626
380,463
381,244
382,66
383,3
384,100
385,303
386,523
387,655
388,657
389,529
390,317
391,112
392,8
393,55
394,229
395,452
396,623
397,675
398,585
399,387
400,170
401,29
402,22
403,158
404,379
405,579
406,674
407,625
408,461
409,241
410,65
411,3
412,100
413,304
414,524
415,655
416,656
417,527
418,315
419,110
420,7
421,55
422,230
423,452
424,622
425,673
426,582
427,386
428,168
429,27
430,22
431,159
432,379
433,579
434,674
435,622
436,458
437,239
438,63
439,2
440,101
44