=~=~=~=~=~=~=~=~=~=~=~= PuTTY log 2018.03.14 10:28:44 =~=~=~=~=~=~=~=~=~=~=~=
0,35
1,9
2,8
3,26
4,56
5,97
6,152
7,216
8,286
9,358
10,428
11,498
12,555
13,605
14,641
15,668
16,681
17,671
18,649
19,614
20,566
21,511
22,442
23,372
24,300
25,230
26,163
27,108
28,63
29,30
30,10
31,6
32,22
33,52
34,91
35,146
36,206
37,278
38,349
39,420
40,488
41,549
42,601
43,637
44,664
45,679
46,671
47,652
48,616
49,572
50,517
51,449
52,379
53,307
54,237
55,169
56,112
57,67
58,32
59,12
60,4
61,19
62,47
63,86
64,138
65,198
66,270
67,341
68,410
69,481
70,542
71,595
72,632
73,661
74,677
75,674
76,653
77,620
78,577
79,524
80,455
81,387
82,315
83,245
84,174
85,118
86,71
87,36
88,13
89,3
90,18
91,44
92,81
93,133
94,192
95,264
96,334
97,405
98,474
99,538
100,590
101,630
102,661
103,679
104,676
105,659
106,627
107,585
108,531
109,466
110,396
111,326
112,253
113,184
114,127
115,78
116,41
117,18
118,5
119,19
120,42
121,79
122,129
123,187
124,257
125,328
126,399
127,468
128,533
129,586
130,627
131,660
132,677
133,679
134,661
135,631
136,590
137,537
138,473
139,404
140,332
141,261
142,190
143,133
144,81
145,44
146,18
147,6
148,14
149,38
150,74
151,123
152,178
153,248
154,319
155,390
156,459
157,526
158,580
159,623
160,655
161,675
162,679
163,665
164,633
165,595
166,542
167,481
168,409
169,339
170,268
171,198
172,136
173,85
174,47
175,20
176,5
177,12
178,34
179,69
180,115
181,171
182,239
183,311
184,381
185,451
186,519
187,573
188,618
189,651
190,672
191,680
192,663
193,636
194,599
195,548
196,486
197,417
198,346
199,276
200,204
201,142
202,89
203,51
204,21
205,5
206,10
207,31
208,63
209,108
210,164
211,231
212,302
213,373
214,443
215,512
216,568
217,613
218,647
219,669
220,679
221,665
222,639
223,604
224,552
225,494
226,424
227,354
228,282
229,212
230,148
231,95
232,53
233,24
234,7
235,9
236,27
237,60
238,103
239,159
240,224
241,295
242,366
243,437
244,505
245,563
246,611
247,646
248,670
249,683
250,669
251,646
252,610
253,561
254,505
255,436
256,363
257,294
258,222
259,158
260,102
261,61
262,29
263,11
264,9
265,27
266,58
267,100
268,153
269,218
270,289
271,360
272,429
273,499
274,557
275,608
276,642
277,669
278,681
279,673
280,648
281,615
282,567
283,512
284,441
285,371
286,300
287,230
288,162
289,107
290,63
291,31
292,10
293,7
294,23
295,54
296,92
297,147
298,209
299,280
300,350
301,421
302,491
303,551
304,601
305,638
306,665
307,680
308,674
309,651
310,617
311,572
312,516
313,449
314,378
315,308
316,235
317,168
318,113
319,67
320,32
321,11
322,5
323,21
324,48
325,87
326,140
327,201
328,271
329,342
330,413
331,482
332,543
333,596
334,633
335,663
336,677
337,673
338,653
339,622
340,576
341,523
342,456
343,386
344,313
345,243
346,174
347,118
348,69
349,34
350,12
351,3
352,17
353,43
354,81
355,134
356,192
357,263
358,334
359,405
360,474
361,537
362,590
363,629
364,658
365,676
366,675
367,657
368,622
369,581
370,528
371,463
372,392
373,322
374,251
375,182
376,123
377,74
378,38
379,15
380,2
381,16
382,40
383,79
384,127
385,186
386,257
387,328
388,398
389,468
390,533
391,587
392,626
393,659
394,677
395,679
396,660
397,630
398,591
399,538
400,472
401,402
402,333
403,262
404,190
405,132
406,82
407,45
408,19
409,6
410,16
411,40
412,75
413,123
414,180
415,251
416,321
417,391
418,461
419,529
420,581
421,624
422,657
423,676
424,679
425,663
426,634
427,596
428,542
429,480
430,411
431,340
432,268
433,198
434,137
435,86
436,47
437,20
438,6
439,14
440,34
441,70
442,116
443,173
444,241
445,312
446,383
447,453
448,521
449,575
450,619
451,653
452,672
453,680
454,665
455,637
456,599
457,547
458,487
459,417
460,346
461,275
462,204
463,143
464,88
465,50
466,21
467,7
468,10
469,31
470,65
471,110
472,165
473,233
474,304
475,375
476,444
477,513
478,569
479,615
480,648
481,671
482,680
483,667
484,639
485,603
486,552
487,494
488,422
489,353
490,282
491,212
492,147
493,93
494,53
495,24
496,6
497,8
498,27
499,61
500,102
501,159
502,224
503,296
504,365
505,436
506,505
507,562
508,609
509,644
510,668
511,681
0,45
1,96
2,149
3,213
4,283
5,354
6,425
7,495
8,552
9,603
10,639
11,667
12,679
13,672
14,649
15,615
16,567
17,513
18,444
19,374
20,302
21,231
22,164
23,109
24,64
25,30
26,10
27,6
28,21
29,50
30,89
31,143
32,203
33,274
34,346
35,417
36,485
37,546
38,598
39,636
40,662
41,678
42,672
43,652
44,617
45,573
46,519
47,451
48,380
49,309
50,239
51,170
52,113
53,67
54,32
55,12
56,3
57,18
58,45
59,85
60,136
61,196
62,267
63,338
64,408
65,478
66,541
67,594
68,632
69,661
70,678
71,676
72,655
73,623
74,580
75,527
76,460
77,391
78,320
79,249
80,178
81,122
82,74
83,39
84,15
85,5
86,19
87,45
88,82
89,133
90,191
91,263
92,333
93,404
94,473
95,538
96,590
97,630
98,661
99,679
100,678
101,660
102,628
103,588
104,533
105,469
106,399
107,328
108,256
109,186
110,128
111,79
112,41
113,17
114,4
115,17
116,40
117,77
118,126
119,184
120,253
121,324
122,395
123,465
124,530
125,584
126,625
127,658
128,676
129,678
130,661
131,632
132,591
133,538
134,475
135,406
136,334
137,264
138,193
139,134
140,81
141,44
142,18
143,5
144,13
145,36
146,72
147,120
148,175
149,245
150,316
151,387
152,456
153,524
154,577
155,621
156,653
157,674
158,679
159,663
160,633
161,596
162,544
163,483
164,411
165,341
166,271
167,200
168,138
169,86
170,48
171,21
172,4
173,11
174,32
175,68
176,112
177,168
178,236
179,308
180,378
181,448
182,515
183,571
184,616
185,649
186,671
187,680
188,664
189,637
190,601
191,549
192,488
193,419
194,348
195,278
196,206
197,144
198,90
199,52
200,21
201,5
202,9
203,30
204,62
205,106
206,162
207,229
208,299
209,371
210,441
211,510
212,565
213,613
214,647
215,671
216,680
217,667
218,642
219,607
220,555
221,498
222,429
223,359
224,287
225,216
226,153
227,99
228,57
229,26
230,9
231,11
232,28
233,61
234,103
235,159
236,223
237,294
238,365
239,436
240,504
241,562
242,611
243,646
244,670
245,683
246,671
247,647
248,611
249,563
250,506
251,437
252,365
253,295
254,225
255,159
256,103
257,61
258,28
259,11
260,8
261,26
262,56
263,97
264,150
265,214
266,285
267,357
268,426
269,496
270,555
271,606
272,640
273,667
274,681
275,672
276,649
277,615
278,568
279,513
280,442
281,373
282,302
283,232
284,163
285,108
286,64
287,31
288,10
289,6
290,22
291,52
292,90
293,144
294,206
295,277
296,347
297,418
298,488
299,549
300,600
301,636
302,664
303,679
304,672
305,651
306,618
307,573
308,517
309,450
310,380
311,309
312,237
313,169
314,114
315,68
316,32
317,11
318,4
319,20
320,46
321,85
322,138
323,198
324,268
325,339
326,410
327,480
328,541
329,594
330,633
331,661
332,676
333,673
334,653
335,622
336,577
337,523
338,457
339,387
340,315
341,245
342,175
343,119
344,71
345,35
346,13
347,3
348,16
349,42
350,80
351,132
352,190
353,261
354,332
355,405
356,472
357,537
358,589
359,630
360,659
361,677
362,676
363,660
364,626
365,585
366,532
367,468
368,396
369,326
370,255
371,186
372,127
373,78
374,42
375,18
376,5
377,18
378,42
379,79
380,128
381,186
382,256
383,328
384,397
385,467
386,533
387,586
388,627
389,659
390,677
391,679
392,661
393,631
394,591
395,539
396,474
397,404
398,334
399,264
400,191
401,133
402,82
403,45
404,18
405,5
406,15
407,38
408,73
409,121
410,178
411,248
412,317
413,389
414,458
415,526
416,578
417,622
418,655
419,675
420,678
421,663
422,634
423,597
424,542
425,481
426,411
427,341
428,269
429,198
430,138
431,86
432,47
433,20
434,5
435,13
436,33
437,68
438,114
439,171
440,238
441,309
442,380
443,451
444,518
445,572
446,617
447,652
448,671
449,679
450,665
451,638
452,600
453,549
454,489
455,420
456,347
457,277
458,206
459,144
460,89
461,51
462,21
463,6
464,9
465,30
466,63
467,108
468,162
469,230
470,301
471,372
472,441
473,511
474,566
475,613
476,646
477,669
478,679
479,668
480,639
481,603
482,553
483,496
484,424
485,355
486,284
487,214
488,148
489,94
490,54
491,24
492,6
493,8
494,27
495,60
496,101
497,157
498,222
499,294
500,364
501,435
502,504
503,562
504,611
505,645
506,669
507,683
508,669
509,645
510,610
511,562
0,607
1,663
2,679
3,673
4,652
5,619
6,572
7,519
8,451
9,381
10,309
11,238
12,170
13,115
14,67
15,33
16,11
17,4
18,18
19,46
20,84
21,137
22,196
23,268
24,339
25,410
26,478
27,541
28,593
29,632
30,660
31,677
32,674
33,655
34,621
35,579
36,525
37,460
38,389
39,317
40,247
41,178
42,120
43,73
44,37
45,16
46,4
47,19
48,44
49,83
50,132
51,191
52,263
53,334
54,403
55,474
56,538
57,591
58,630
59,661
60,679
61,679
62,660
63,628
64,587
65,535
66,468
67,398
68,328
69,257
70,185
71,128
72,79
73,42
74,17
75,5
76,17
77,42
78,77
79,127
80,184
81,255
82,326
83,396
84,466
85,532
86,584
87,626
88,658
89,677
90,680
91,661
92,631
93,593
94,538
95,475
96,405
97,335
98,263
99,193
100,133
101,83
102,44
103,19
104,5
105,15
106,36
107,73
108,120
109,177
110,246
111,317
112,387
113,458
114,524
115,578
116,621
117,655
118,674
119,679
120,663
121,634
122,595
123,544
124,482
125,412
126,340
127,270
128,199
129,140
130,85
131,47
132,20
133,6
134,11
135,33
136,67
137,114
138,169
139,237
140,308
141,380
142,449
143,517
144,571
145,617
146,650
147,672
148,680
149,665
150,636
151,600
152,549
153,489
154,418
155,348
156,277
157,207
158,143
159,90
160,50
161,22
162,5
163,9
164,29
165,64
166,106
167,163
168,229
169,301
170,370
171,441
172,510
173,567
174,612
175,647
176,669
177,681
178,666
179,641
180,605
181,557
182,496
183,427
184,356
185,286
186,214
187,150
188,97
189,57
190,25
191,9
192,10
193,29
194,61
195,103
196,159
197,225
198,295
199,366
200,436
201,506
202,562
203,611
204,646
205,672
206,683
207,671
208,647
209,612
210,563
211,506
212,437
213,367
214,294
215,224
216,158
217,104
218,60
219,29
220,10
221,9
222,26
223,57
224,97
225,153
226,215
227,287
228,358
229,428
230,496
231,556
232,606
233,642
234,666
235,681
236,672
237,649
238,614
239,568
240,513
241,444
242,372
243,302
244,231
245,164
246,108
247,64
248,31
249,12
250,6
251,23
252,52
253,92
254,145
255,207
256,278
257,349
258,419
259,489
260,549
261,601
262,636
263,665
264,679
265,673
266,651
267,618
268,573
269,519
270,450
271,379
272,309
273,239
274,169
275,113
276,67
277,34
278,11
279,4
280,19
281,48
282,85
283,138
284,198
285,270
286,340
287,411
288,480
289,543
290,594
291,633
292,661
293,678
294,674
295,654
296,621
297,578
298,523
299,457
300,386
301,317
302,244
303,175
304,120
305,72
306,35
307,13
308,2
309,17
310,42
311,80
312,131
313,191
314,260
315,332
316,403
317,473
318,536
319,589
320,629
321,660
322,676
323,675
324,658
325,626
326,584
327,531
328,465
329,397
330,324
331,254
332,184
333,127
334,76
335,40
336,17
337,5
338,17
339,41
340,78
341,129
342,185
343,256
344,328
345,398
346,467
347,533
348,586
349,629
350,659
351,678
352,679
353,663
354,632
355,592
356,537
357,476
358,404
359,334
360,263
361,193
362,133
363,82
364,45
365,20
366,5
367,15
368,38
369,75
370,121
371,178
372,247
373,319
374,389
375,459
376,526
377,580
378,623
379,655
380,675
381,680
382,662
383,635
384,597
385,544
386,481
387,412
388,341
389,271
390,198
391,138
392,86
393,48
394,20
395,6
396,13
397,35
398,68
399,115
400,171
401,240
402,310
403,381
404,451
405,520
406,572
407,618
408,651
409,673
410,680
411,665
412,637
413,601
414,547
415,488
416,418
417,348
418,276
419,205
420,143
421,91
422,50
423,22
424,6
425,11
426,30
427,64
428,108
429,165
430,230
431,302
432,373
433,443
434,511
435,568
436,614
437,648
438,670
439,680
440,666
441,641
442,603
443,554
444,495
445,425
446,353
447,283
448,212
449,149
450,94
451,53
452,24
453,7
454,8
455,27
456,59
457,103
458,157
459,223
460,294
461,366
462,434
463,505
464,561
465,611
466,644
467,669
468,681
469,669
470,643
471,609
472,560
473,504
474,433
475,363
476,292
477,223
478,156
479,102
480,60
481,29
482,10
483,9
484,27
485,58
486,98
487,154
488,218
489,289
490,360
491,430
492,499
493,558
494,607
495,644
496,669
497,683
498,672
499,650
500,615
501,568
502,512
503,443
504,372
505,302
506,230
507,163
508,108
509,65
510,30
511,12
0,380
1,313
2,242
3,173
4,118
5,70
6,35
7,13
8,4
9,18
10,44
11,83
12,135
13,194
14,265
15,336
16,407
17,475
18,540
19,592
20,632
21,662
22,679
23,676
24,659
25,627
26,584
27,531
28,466
29,394
30,324
31,253
32,184
33,126
34,77
35,41
36,18
37,4
38,18
39,43
40,81
41,129
42,187
43,258
44,330
45,399
46,469
47,535
48,588
49,627
50,659
51,677
52,679
53,660
54,630
55,590
56,537
57,471
58,401
59,331
60,261
61,188
62,131
63,80
64,44
65,18
66,4
67,15
68,39
69,74
70,123
71,180
72,250
73,320
74,391
75,461
76,528
77,580
78,623
79,656
80,676
81,678
82,662
83,633
84,595
85,541
86,479
87,408
88,339
89,266
90,196
91,136
92,85
93,45
94,19
95,5
96,13
97,34
98,70
99,116
100,173
101,240
102,312
103,383
104,453
105,520
106,574
107,619
108,652
109,672
110,679
111,664
112,636
113,598
114,547
115,486
116,416
117,344
118,274
119,203
120,142
121,88
122,49
123,21
124,6
125,10
126,30
127,65
128,110
129,165
130,232
131,303
132,374
133,443
134,513
135,567
136,614
137,648
138,670
139,679
140,665
141,638
142,603
143,552
144,494
145,422
146,352
147,282
148,212
149,147
150,93
151,53
152,24
153,7
154,9
155,28
156,62
157,104
158,160
159,226
160,298
161,368
162,439
163,507
164,564
165,611
166,647
167,670
168,683
169,669
170,644
171,609
172,561
173,502
174,434
175,363
176,293
177,220
178,156
179,101
180,61
181,28
182,10
183,10
184,28
185,58
186,100
187,155
188,220
189,290
190,361
191,431
192,501
193,558
194,609
195,643
196,669
197,681
198,672
199,648
200,613
201,564
202,509
203,440
204,370
205,298
206,228
207,161
208,107
209,62
210,30
211,11
212,8
213,24
214,54
215,94
216,148
217,210
218,281
219,353
220,424
221,491
222,552
223,603
224,640
225,665
226,680
227,672
228,652
229,616
230,570
231,515
232,447
233,376
234,305
235,235
236,167
237,111
238,66
239,32
240,12
241,5
242,21
243,49
244,88
245,140
246,202
247,273
248,344
249,413
250,483
251,545
252,597
253,634
254,663
255,678
256,673
257,652
258,619
259,575
260,521
261,453
262,383
263,313
264,242
265,172
266,116
267,69
268,34
269,12
270,3
271,18
272,45
273,82
274,134
275,193
276,265
277,334
278,406
279,475
280,540
281,590
282,630
283,659
284,677
285,674
286,655
287,623
288,581
289,526
290,461
291,391
292,321
293,249
294,179
295,123
296,75
297,37
298,15
299,3
300,17
301,42
302,79
303,130
304,188
305,258
306,332
307,400
308,471
309,535
310,588
311,629
312,660
313,678
314,679
315,664
316,630
317,589
318,536
319,472
320,403
321,330
322,260
323,189
324,132
325,80
326,44
327,19
328,6
329,16
330,39
331,76
332,125
333,180
334,251
335,322
336,393
337,462
338,529
339,581
340,625
341,656
342,676
343,679
344,663
345,632
346,594
347,541
348,479
349,408
350,338
351,267
352,196
353,135
354,84
355,46
356,20
357,5
358,14
359,35
360,71
361,117
362,173
363,242
364,314
365,383
366,453
367,522
368,575
369,619
370,653
371,673
372,680
373,664
374,636
375,598
376,548
377,484
378,416
379,345
380,275
381,202
382,141
383,88
384,50
385,21
386,6
387,11
388,32
389,65
390,111
391,167
392,234
393,304
394,376
395,445
396,515
397,568
398,615
399,649
400,671
401,679
402,665
403,639
404,603
405,550
406,492
407,422
408,352
409,280
410,209
411,146
412,93
413,52
414,22
415,6
416,9
417,27
418,61
419,104
420,160
421,225
422,296
423,367
424,438
425,506
426,563
427,610
428,645
429,667
430,681
431,667
432,643
433,606
434,557
435,500
436,431
437,359
438,289
439,218
440,154
441,98
442,57
443,26
444,9
445,8
446,26
447,58
448,100
449,154
450,219
451,291
452,362
453,431
454,501
455,559
456,609
457,643
458,669
459,683
460,673
461,648
462,613
463,566
464,512
465,440
466,370
467,299
468,229
469,161
470,106
471,63
472,31
473,11
474,8
475,25
476,56
477,94
478,149
479,212
480,283
481,354
482,426
483,493
484,553
485,604
486,640
487,667
488,681
489,672
490,651
491,617
492,572
493,515
494,447
495,376
496,306
497,234
498,166
499,111
500,67
501,32
502,12
503,6
504,22
505,50
506,89
507,142
508,204
509,274
510,345
511,416
0,138
1,75
2,39
3,17
4,5
5,19
6,44
7,82
8,133
9,191
10,262
11,334
12,404
13,473
14,537
15,590
16,631
17,660
18,678
19,678
20,661
21,628
22,587
23,534
24,470
25,399
26,328
27,257
28,188
29,128
30,79
31,42
32,18
33,4
34,16
35,40
36,78
37,125
38,183
39,253
40,325
41,394
42,465
43,531
44,584
45,627
46,657
47,676
48,679
49,661
50,631
51,592
52,540
53,475
54,406
55,335
56,265
57,192
58,133
59,82
60,45
61,18
62,5
63,14
64,36
65,71
66,119
67,175
68,245
69,315
70,386
71,458
72,524
73,576
74,621
75,653
76,674
77,678
78,663
79,635
80,597
81,543
82,483
83,412
84,343
85,270
86,200
87,139
88,87
89,47
90,20
91,5
92,12
93,32
94,67
95,112
96,169
97,236
98,307
99,377
100,448
101,515
102,571
103,616
104,650
105,671
106,679
107,665
108,637
109,600
110,549
111,489
112,420
113,348
114,278
115,207
116,145
117,90
118,51
119,22
120,6
121,9
122,29
123,62
124,107
125,162
126,229
127,300
128,371
129,440
130,509
131,566
132,613
133,646
134,671
135,681
136,669
137,642
138,607
139,557
140,501
141,428
142,359
143,288
144,218
145,152
146,98
147,58
148,28
149,9
150,11
151,29
152,62
153,102
154,158
155,223
156,295
157,364
158,435
159,505
160,562
161,610
162,645
163,669
164,683
165,670
166,648
167,611
168,564
169,506
170,437
171,367
172,296
173,224
174,159
175,104
176,62
177,28
178,10
179,8
180,26
181,55
182,96
183,151
184,215
185,285
186,356
187,427
188,496
189,555
190,605
191,641
192,668
193,680
194,672
195,649
196,615
197,568
198,513
199,444
200,374
201,302
202,231
203,164
204,110
205,64
206,31
207,11
208,6
209,22
210,51
211,90
212,145
213,205
214,277
215,347
216,419
217,487
218,548
219,600
220,637
221,664
222,679
223,673
224,652
225,617
226,573
227,519
228,451
229,380
230,309
231,238
232,170
233,113
234,68
235,33
236,12
237,4
238,19
239,46
240,85
241,137
242,197
243,268
244,340
245,409
246,480
247,541
248,594
249,632
250,661
251,677
252,674
253,654
254,621
255,578
256,525
257,457
258,387
259,316
260,246
261,175
262,119
263,71
264,36
265,14
266,3
267,17
268,43
269,81
270,131
271,190
272,262
273,331
274,403
275,472
276,537
277,588
278,629
279,660
280,680
281,676
282,659
283,627
284,588
285,532
286,468
287,398
288,328
289,256
290,186
291,128
292,79
293,42
294,18
295,5
296,18
297,41
298,79
299,128
300,185
301,256
302,327
303,397
304,467
305,531
306,585
307,627
308,659
309,676
310,679
311,662
312,632
313,591
314,539
315,475
316,406
317,334
318,263
319,193
320,134
321,82
322,45
323,19
324,6
325,14
326,37
327,73
328,121
329,177
330,247
331,318
332,389
333,458
334,525
335,579
336,622
337,654
338,675
339,679
340,664
341,634
342,597
343,544
344,483
345,411
346,341
347,271
348,200
349,138
350,86
351,48
352,21
353,5
354,12
355,33
356,69
357,113
358,170
359,238
360,310
361,379
362,450
363,518
364,573
365,617
366,651
367,672
368,680
369,665
370,637
371,601
372,550
373,488
374,419
375,349
376,278
377,206
378,144
379,90
380,52
381,21
382,6
383,10
384,30
385,63
386,107
387,163
388,230
389,300
390,371
391,441
392,510
393,565
394,613
395,647
396,670
397,679
398,665
399,641
400,605
401,554
402,495
403,425
404,356
405,284
406,214
407,150
408,96
409,55
410,24
411,7
412,9
413,26
414,59
415,102
416,157
417,222
418,293
419,365
420,436
421,503
422,561
423,610
424,645
425,669
426,682
427,670
428,646
429,610
430,562
431,506
432,437
433,365
434,295
435,224
436,159
437,103
438,61
439,29
440,12
441,9
442,27
443,58
444,99
445,153
446,217
447,288
448,359
449,428
450,499
451,557
452,607
453,642
454,668
455,682
456,673
457,649
458,615
459,567
460,513
461,443
462,373
463,302
464,232
465,163
466,108
467,64
468,32
469,11
470,7
471,23
472,53
473,92
474,146
475,208
476,280
477,350
478,420
479,490
480,551
481,600
482,637
483,665
484,680
485,672
486,652
487,618
488,573
489,518
490,450
491,379
492,309
493,237
494,169
495,113
496,68
497,33
498,12
499,5
500,21
501,47
502,86
503,139
504,199
505,270
506,341
507,411
508,481
509,542
510,595
511,633
0,30
1,4
2,17
3,42
4,79
5,130
6,186
7,258
8,329
9,400
10,468
11,533
12,587
13,628
14,658
15,677
16,678
17,661
18,629
19,589
20,536
21,473
22,401
23,331
24,260
25,190
26,130
27,80
28,43
29,18
30,4
31,15
32,38
33,75
34,122
35,179
36,249
37,321
38,390
39,461
40,527
41,581
42,622
43,655
44,675
45,679
46,661
47,632
48,594
49,542
50,478
51,409
52,338
53,268
54,195
55,136
56,84
57,47
58,19
59,4
60,12
61,34
62,69
63,115
64,171
65,241
66,311
67,382
68,452
69,520
70,573
71,619
72,651
73,673
74,678
75,663
76,635
77,599
78,546
79,485
80,415
81,345
82,273
83,203
84,141
85,89
86,49
87,20
88,5
89,10
90,30
91,64
92,109
93,165
94,232
95,303
96,374
97,445
98,512
99,568
100,614
101,649
102,670
103,680
104,665
105,640
106,608
107,553
108,495
109,425
110,353
111,283
112,212
113,149
114,94
115,55
116,25
117,9
118,10
119,29
120,62
121,106
122,160
123,226
124,298
125,369
126,438
127,508
128,565
129,613
130,647
131,672
132,683
133,671
134,645
135,610
136,561
137,504
138,433
139,362
140,292
141,222
142,155
143,101
144,59
145,28
146,9
147,9
148,27
149,59
150,99
151,155
152,219
153,290
154,360
155,430
156,499
157,558
158,607
159,643
160,668
161,682
162,670
163,648
164,613
165,566
166,509
167,441
168,370
169,300
170,227
171,162
172,106
173,63
174,29
175,10
176,7
177,24
178,53
179,93
180,147
181,210
182,280
183,352
184,422
185,492
186,551
187,602
188,638
189,665
190,680
191,672
192,650
193,617
194,570
195,516
196,447
197,377
198,305
199,235
200,167
201,112
202,65
203,31
204,11
205,5
206,20
207,48
208,87
209,141
210,201
211,272
212,344
213,414
214,482
215,545
216,596
217,634
218,662
219,677
220,673
221,653
222,619
223,576
224,521
225,455
226,383
227,313
228,242
229,173
230,116
231,69
232,34
233,12
234,2
235,17
236,44
237,83
238,133
239,193
240,264
241,336
242,405
243,475
244,539
245,592
246,630
247,660
248,677
249,676
250,655
251,624
252,582
253,529
254,462
255,393
256,322
257,252
258,180
259,124
260,75
261,40
262,16
263,4
264,18
265,43
266,80
267,131
268,188
269,260
270,330
271,401
272,471
273,536
274,588
275,629
276,661
277,679
278,678
279,661
280,630
281,590
282,536
283,472
284,402
285,332
286,259
287,189
288,131
289,81
290,43
291,18
292,5
293,17
294,39
295,76
296,124
297,181
298,250
299,322
300,393
301,463
302,528
303,581
304,625
305,657
306,675
307,679
308,661
309,633
310,593
311,541
312,478
313,409
314,337
315,267
316,196
317,137
318,83
319,46
320,19
321,6
322,13
323,35
324,71
325,118
326,173
327,242
328,313
329,384
330,453
331,521
332,575
333,620
334,652
335,673
336,679
337,665
338,635
339,599
340,546
341,485
342,414
343,344
344,273
345,203
346,140
347,88
348,49
349,21
350,5
351,10
352,31
353,66
354,110
355,166
356,233
357,305
358,375
359,445
360,514
361,569
362,614
363,648
364,671
365,680
366,664
367,639
368,602
369,552
370,491
371,422
372,351
373,281
374,209
375,146
376,92
377,53
378,22
379,6
380,8
381,28
382,60
383,103
384,159
385,226
386,296
387,367
388,437
389,507
390,562
391,611
392,645
393,669
394,680
395,667
396,643
397,608
398,558
399,501
400,431
401,362
402,289
403,219
404,155
405,101
406,58
407,27
408,10
409,10
410,27
411,59
412,100
413,156
414,219
415,291
416,362
417,433
418,501
419,560
420,609
421,645
422,669
423,683
424,672
425,649
426,612
427,566
428,510
429,441
430,369
431,299
432,227
433,162
434,106
435,63
436,30
437,12
438,8
439,25
440,54
441,95
442,149
443,211
444,283
445,354
446,423
447,493
448,552
449,604
450,639
451,666
452,681
453,674
454,650
455,617
456,570
457,516
458,446
459,376
460,306
461,236
462,166
463,111
464,66
465,33
466,11
467,5
468,21
469,50
470,88
471,142
472,203
473,274
474,344
475,415
476,485
477,547
478,597
479,635
480,663
481,679
482,673
483,653
484,619
485,576
486,521
487,454
488,383
489,313
490,241
491,172
492,116
493,70
494,34
495,12
496,3
497,19
498,44
499,83
500,135
501,195
502,265
503,336
504,407
505,477
506,539
507,591
508,630
509,661
510,676
511,676
0,303
1,393
2,462
3,529
4,581
5,625
6,656
7,675
8,678
9,662
10,631
11,593
12,539
13,477
14,406
15,336
16,265
17,194
18,134
19,83
20,45
21,19
22,4
23,13
24,35
25,71
26,117
27,174
28,243
29,314
30,384
31,455
32,522
33,576
34,619
35,653
36,673
37,680
38,662
39,635
40,597
41,545
42,483
43,413
44,343
45,272
46,200
47,140
48,87
49,49
50,20
51,5
52,11
53,32
54,65
55,111
56,167
57,235
58,305
59,376
60,447
61,516
62,569
63,615
64,649
65,673
66,679
67,665
68,637
69,602
70,549
71,491
72,421
73,350
74,279
75,208
76,146
77,93
78,52
79,23
80,7
81,11
82,29
83,63
84,107
85,163
86,228
87,300
88,371
89,441
90,509
91,566
92,614
93,649
94,670
95,683
96,669
97,645
98,608
99,559
100,501
101,432
102,360
103,290
104,219
105,155
106,99
107,58
108,27
109,10
110,10
111,28
112,59
113,102
114,156
115,222
116,293
117,364
118,433
119,503
120,560
121,609
122,643
123,669
124,682
125,671
126,646
127,613
128,563
129,508
130,437
131,367
132,296
133,226
134,158
135,104
136,61
137,29
138,9
139,8
140,25
141,56
142,95
143,150
144,213
145,285
146,355
147,425
148,495
149,554
150,604
151,640
152,666
153,681
154,674
155,650
156,615
157,569
158,513
159,444
160,374
161,303
162,231
163,164
164,109
165,65
166,30
167,11
168,5
169,22
170,50
171,90
172,143
173,205
174,275
175,346
176,417
177,487
178,546
179,599
180,635
181,664
182,678
183,673
184,652
185,619
186,573
187,519
188,451
189,381
190,309
191,239
192,170
193,115
194,67
195,33
196,12
197,4
198,18
199,45
200,84
201,137
202,196
203,268
204,338
205,409
206,477
207,541
208,593
209,632
210,661
211,677
212,673
213,655
214,621
215,579
216,525
217,460
218,388
219,318
220,247
221,178
222,120
223,73
224,37
225,15
226,3
227,18
228,43
229,82
230,131
231,190
232,261
233,333
234,402
235,473
236,537
237,591
238,630
239,661
240,678
241,679
242,659
243,629
244,588
245,535
246,468
247,399
248,328
249,258
250,186
251,129
252,79
253,43
254,17
255,5
256,17
257,41
258,77
259,127
260,184
261,255
262,326
263,396
264,465
265,532
266,584
267,626
268,657
269,677
270,678
271,664
272,631
273,593
274,538
275,475
276,405
277,336
278,263
279,193
280,133
281,83
282,44
283,19
284,5
285,15
286,36
287,73
288,120
289,177
290,245
291,316
292,387
293,457
294,524
295,577
296,621
297,654
298,674
299,679
300,663
301,635
302,596
303,544
304,483
305,413
306,341
307,271
308,200
309,140
310,86
311,48
312,20
313,6
314,11
315,33
316,67
317,114
318,168
319,237
320,307
321,379
322,448
323,517
324,571
325,617
326,650
327,672
328,680
329,665
330,636
331,601
332,549
333,489
334,419
335,349
336,278
337,208
338,144
339,90
340,51
341,22
342,5
343,9
344,29
345,63
346,105
347,162
348,228
349,300
350,370
351,440
352,509
353,566
354,611
355,646
356,669
357,680
358,666
359,641
360,605
361,556
362,496
363,427
364,357
365,287
366,215
367,151
368,97
369,57
370,25
371,8
372,9
373,28
374,59
375,102
376,157
377,223
378,293
379,365
380,435
381,505
382,561
383,611
384,645
385,671
386,682
387,672
388,647
389,613
390,563
391,507
392,437
393,368
394,296
395,225
396,159
397,105
398,61
399,29
400,11
401,9
402,25
403,57
404,97
405,152
406,215
407,286
408,360
409,428
410,496
411,555
412,606
413,642
414,667
415,681
416,672
417,650
418,614
419,569
420,513
421,445
422,373
423,302
424,231
425,165
426,109
427,65
428,31
429,12
430,6
431,23
432,52
433,92
434,144
435,207
436,277
437,349
438,418
439,488
440,549
441,601
442,636
443,664
444,679
445,675
446,651
447,618
448,573
449,520
450,450
451,380
452,309
453,239
454,168
455,114
456,68
457,34
458,12
459,4
460,19
461,47
462,85
463,138
464,198
465,269
466,339
467,410
468,480
469,543
470,594
471,632
472,661
473,679
474,673
475,654
476,621
477,579
478,523
479,457
480,387
481,317
482,245
483,175
484,119
485,72
486,35
487,13
488,2
489,17
490,41
491,80
492,131
493,190
494,260
495,331
496,402
497,472
498,536
499,588
500,629
501,660
502,675
503,675
504,657
505,626
506,584
507,531
508,466
509,396
510,324
511,254
0,473
1,408
2,337
3,266
4,196
5,135
6,83
7,46
8,19
9,4
10,12
11,33
12,69
13,116
14,171
15,240
16,311
17,381
18,451
19,520
20,574
21,618
22,651
23,672
24,679
25,662
26,635
27,598
28,547
29,485
30,415
31,345
32,275
33,202
34,141
35,88
36,50
37,20
38,5
39,10
40,31
41,64
42,109
43,165
44,233
45,303
46,375
47,445
48,515
49,568
50,615
51,649
52,672
53,680
54,667
55,641
56,605
57,554
58,495
59,426
60,356
61,283
62,213
63,150
64,97
65,55
66,26
67,9
68,12
69,30
70,63
71,106
72,162
73,227
74,298
75,369
76,440
77,507
78,565
79,613
80,647
81,670
82,683
83,670
84,645
85,609
86,560
87,503
88,433
89,362
90,292
91,220
92,156
93,100
94,59
95,27
96,10
97,8
98,27
99,58
100,100
101,154
102,218
103,289
104,361
105,430
106,500
107,557
108,608
109,642
110,668
111,683
112,671
113,647
114,613
115,565
116,509
117,439
118,369
119,299
120,228
121,160
122,105
123,62
124,30
125,10
126,6
127,23
128,53
129,92
130,147
131,210
132,281
133,351
134,422
135,491
136,552
137,602
138,638
139,665
140,680
141,671
142,650
143,616
144,570
145,514
146,446
147,376
148,306
149,233
150,166
151,111
152,66
153,30
154,11
155,4
156,20
157,48
158,87
159,140
160,201
161,272
162,343
163,413
164,483
165,544
166,596
167,633
168,662
169,676
170,673
171,652
172,620
173,574
174,521
175,453
176,384
177,311
178,241
179,172
180,117
181,69
182,34
183,12
184,4
185,18
186,44
187,83
188,135
189,193
190,265
191,337
192,408
193,476
194,540
195,593
196,632
197,661
198,678
199,677
200,658
201,625
202,583
203,530
204,464
205,393
206,323
207,252
208,183
209,124
210,76
211,40
212,18
213,4
214,19
215,43
216,82
217,130
218,189
219,259
220,331
221,400
222,471
223,535
224,589
225,628
226,660
227,677
228,679
229,660
230,629
231,589
232,537
233,470
234,401
235,330
236,260
237,188
238,130
239,80
240,44
241,18
242,4
243,16
244,39
245,75
246,124
247,181
248,251
249,321
250,392
251,462
252,529
253,581
254,623
255,656
256,677
257,678
258,662
259,632
260,594
261,540
262,478
263,408
264,338
265,266
266,195
267,135
268,84
269,45
270,19
271,5
272,14
273,34
274,71
275,117
276,174
277,241
278,313
279,383
280,454
281,521
282,575
283,619
284,653
285,672
286,679
287,663
288,636
289,597
290,545
291,485
292,415
293,344
294,273
295,202
296,141
297,87
298,49
299,20
300,6
301,10
302,31
303,65
304,111
305,165
306,233
307,305
308,376
309,444
310,514
311,569
312,615
313,648
314,670
315,679
316,665
317,637
318,601
319,551
320,493
321,421
322,351
323,281
324,210
325,146
326,92
327,53
328,24
329,6
330,9
331,28
332,62
333,104
334,160
335,226
336,298
337,368
338,439
339,508
340,565
341,612
342,647
343,671
344,684
345,668
346,644
347,609
348,562
349,501
350,432
351,362
352,292
353,220
354,155
355,101
356,60
357,27
358,10
359,10
360,29
361,59
362,101
363,156
364,220
365,291
366,362
367,432
368,502
369,558
370,609
371,643
372,669
373,681
374,671
375,648
376,613
377,564
378,509
379,440
380,370
381,297
382,227
383,161
384,106
385,62
386,30
387,10
388,8
389,24
390,54
391,94
392,149
393,210
394,282
395,353
396,424
397,492
398,552
399,603
400,640
401,666
402,680
403,672
404,652
405,616
406,569
407,515
408,447
409,376
410,305
411,234
412,167
413,110
414,66
415,31
416,12
417,5
418,21
419,49
420,89
421,141
422,202
423,274
424,345
425,414
426,485
427,545
428,598
429,634
430,663
431,679
432,673
433,652
434,619
435,575
436,521
437,452
438,382
439,312
440,241
441,171
442,116
443,69
444,34
445,12
446,3
447,18
448,45
449,82
450,135
451,194
452,266
453,335
454,406
455,476
456,540
457,591
458,630
459,660
460,678
461,673
462,655
463,623
464,581
465,526
466,460
467,390
468,320
469,248
470,178
471,121
472,74
473,37
474,14
475,2
476,17
477,41
478,80
479,130
480,189
481,259
482,330
483,401
484,471
485,534
486,588
487,629
488,660
489,677
490,677
491,660
492,629
493,588
494,535
495,471
496,401
497,329
498,259
499,189
500,131
501,80
502,43
503,19
504,6
505,17
506,40
507,77
508,126
509,182
510,253
511,323
0,27
1,4
2,11
3,32
4,67
5,112
6,168
7,237
8,308
9,378
10,449
11,517
12,572
13,616
14,650
15,672
16,680
17,664
18,638
19,601
20,551
21,490
22,420
23,350
24,280
25,207
26,146
27,92
28,53
29,23
30,8
31,11
32,32
33,65
34,109
35,165
36,232
37,302
38,373
39,443
40,513
41,568
42,616
43,649
44,673
45,682
46,669
47,643
48,608
49,557
50,499
51,429
52,359
53,287
54,216
55,152
56,98
57,56
58,26
59,9
60,10
61,28
62,60
63,102
64,158
65,222
66,295
67,365
68,436
69,504
70,561
71,610
72,645
73,668
74,682
75,672
76,647
77,610
78,562
79,505
80,436
81,364
82,294
83,223
84,158
85,102
86,60
87,28
88,10
89,7
90,25
91,55
92,97
93,152
94,215
95,285
96,357
97,426
98,496
99,555
100,605
101,639
102,667
103,681
104,672
105,648
106,613
107,567
108,512
109,442
110,372
111,300
112,231
113,162
114,107
115,63
116,30
117,10
118,5
119,22
120,51
121,90
122,144
123,206
124,278
125,347
126,418
127,488
128,549
129,599
130,635
131,663
132,679
133,671
134,651
135,617
136,572
137,516
138,449
139,378
140,309
141,236
142,168
143,113
144,67
145,31
146,11
147,4
148,20
149,46
150,85
151,138
152,198
153,269
154,340
155,411
156,481
157,542
158,595
159,633
160,662
161,677
162,675
163,655
164,622
165,578
166,525
167,458
168,389
169,317
170,246
171,177
172,122
173,72
174,37
175,15
176,6
177,19
178,45
179,83
180,135
181,193
182,265
183,335
184,407
185,475
186,539
187,592
188,633
189,662
190,679
191,677
192,660
193,627
194,586
195,532
196,468
197,396
198,326
199,254
200,185
201,126
202,77
203,41
204,18
205,4
206,17
207,41
208,79
209,127
210,185
211,256
212,327
213,397
214,467
215,532
216,586
217,626
218,658
219,677
220,679
221,660
222,630
223,591
224,537
225,473
226,403
227,332
228,262
229,190
230,132
231,81
232,44
233,17
234,4
235,14
236,38
237,73
238,121
239,178
240,247
241,318
242,389
243,459
244,526
245,578
246,623
247,655
248,677
249,678
250,662
251,633
252,596
253,541
254,480
255,410
256,340
257,269
258,197
259,137
260,86
261,46
262,19
263,4
264,12
265,32
266,68
267,114
268,171
269,238
270,310
271,380
272,450
273,517
274,572
275,617
276,652
277,671
278,679
279,664
280,637
281,598
282,547
283,487
284,417
285,346
286,275
287,204
288,143
289,88
290,50
291,21
292,6
293,9
294,30
295,63
296,109
297,163
298,231
299,302
300,373
301,442
302,511
303,567
304,614
305,648
306,671
307,681
308,668
309,640
310,605
311,555
312,497
313,426
314,355
315,285
316,215
317,150
318,96
319,56
320,27
321,9
322,11
323,30
324,63
325,104
326,160
327,226
328,297
329,367
330,438
331,507
332,564
333,612
334,647
335,671
336,684
337,670
338,645
339,610
340,562
341,504
342,434
343,364
344,293
345,221
346,156
347,101
348,61
349,27
350,10
351,9
352,27
353,57
354,98
355,153
356,218
357,287
358,359
359,429
360,499
361,556
362,607
363,641
364,668
365,681
366,671
367,649
368,614
369,566
370,510
371,441
372,371
373,299
374,229
375,162
376,107
377,62
378,30
379,10
380,7
381,22
382,52
383,91
384,146
385,208
386,279
387,351
388,421
389,489
390,550
391,601
392,638
393,664
394,679
395,672
396,652
397,616
398,571
399,517
400,449
401,377
402,307
403,236
404,168
405,111
406,66
407,32
408,12
409,4
410,19
411,47
412,86
413,138
414,199
415,271
416,341
417,411
418,481
419,543
420,596
421,632
422,661
423,677
424,674
425,654
426,620
427,577
428,523
429,454
430,385
431,314
432,244
433,173
434,117
435,70
436,35
437,12
438,3
439,17
440,44
441,81
442,133
443,191
444,265
445,334
446,405
447,475
448,539
449,590
450,630
451,660
452,678
453,676
454,657
455,625
456,585
457,530
458,465
459,394
460,325
461,252
462,183
463,126
464,78
465,40
466,17
467,5
468,19
469,42
470,80
471,130
472,188
473,258
474,329
475,399
476,470
477,534
478,587
479,628
480,660
481,677
482,679
483,661
484,631
485,590
486,537
487,473
488,404
489,331
490,261
491,190
492,132
493,80
494,43
495,18
496,5
497,15
498,38
499,75
500,123
501,179
502,249
503,320
504,391
505,460
506,527
507,580
508,624
509,655
510,675
511,679
0,185
1,307
2,378
3,449
4,517
5,573
6,618
7,651
8,673
9,683
10,667
11,641
12,604
13,553
14,493
15,423
16,353
17,283
18,210
19,148
20,93
21,55
22,24
23,8
24,11
25,31
26,64
27,107
28,163
29,230
30,300
31,371
32,441
33,510
34,565
35,613
36,648
37,672
38,681
39,669
40,643
41,608
42,557
43,500
44,430
45,360
46,288
47,217
48,152
49,99
50,56
51,26
52,8
53,9
54,27
55,59
56,100
57,156
58,220
59,291
60,362
61,433
62,501
63,559
64,609
65,644
66,668
67,681
68,670
69,647
70,610
71,563
72,506
73,437
74,365
75,296
76,224
77,159
78,102
79,60
80,28
81,10
82,6
83,24
84,54
85,95
86,148
87,212
88,283
89,354
90,424
91,493
92,553
93,605
94,638
95,665
96,679
97,671
98,648
99,614
100,567
101,513
102,443
103,373
104,302
105,232
106,163
107,108
108,64
109,30
110,9
111,4
112,21
113,50
114,88
115,142
116,203
117,275
118,345
119,416
120,485
121,547
122,597
123,635
124,663
125,679
126,672
127,651
128,618
129,574
130,519
131,451
132,382
133,312
134,239
135,171
136,115
137,70
138,34
139,13
140,5
141,21
142,47
143,86
144,138
145,198
146,268
147,339
148,410
149,481
150,543
151,595
152,634
153,664
154,679
155,677
156,657
157,625
158,582
159,529
160,462
161,393
162,320
163,250
164,180
165,124
166,74
167,39
168,16
169,5
170,18
171,44
172,81
173,132
174,189
175,261
176,332
177,403
178,472
179,537
180,589
181,629
182,660
183,677
184,679
185,660
186,627
187,587
188,533
189,469
190,398
191,328
192,256
193,187
194,127
195,78
196,41
197,18
198,3
199,15
200,39
201,77
202,124
203,182
204,252
205,324
206,394
207,464
208,530
209,583
210,624
211,657
212,675
213,678
214,660
215,631
216,591
217,539
218,474
219,405
220,335
221,265
222,192
223,133
224,82
225,45
226,17
227,4
228,13
229,36
230,70
231,118
232,174
233,244
234,314
235,385
236,455
237,523
238,576
239,620
240,653
241,673
242,678
243,662
244,634
245,597
246,543
247,482
248,412
249,342
250,270
251,199
252,138
253,86
254,46
255,19
256,4
257,11
258,31
259,67
260,111
261,168
262,235
263,307
264,377
265,448
266,515
267,570
268,616
269,650
270,670
271,679
272,665
273,638
274,600
275,549
276,490
277,421
278,349
279,279
280,209
281,147
282,92
283,53
284,23
285,8
286,10
287,30
288,64
289,109
290,163
291,230
292,301
293,373
294,442
295,511
296,567
297,615
298,648
299,672
300,683
301,670
302,642
303,608
304,558
305,500
306,429
307,360
308,289
309,218
310,153
311,98
312,58
313,27
314,9
315,10
316,28
317,61
318,101
319,157
320,222
321,293
322,363
323,434
324,503
325,561
326,609
327,644
328,669
329,682
330,670
331,646
332,611
333,564
334,506
335,436
336,366
337,296
338,224
339,158
340,103
341,62
342,28
343,9
344,7
345,25
346,54
347,95
348,149
349,213
350,283
351,355
352,425
353,495
354,553
355,604
356,640
357,667
358,680
359,671
360,649
361,615
362,567
363,513
364,444
365,374
366,302
367,231
368,164
369,109
370,64
371,30
372,11
373,6
374,21
375,50
376,89
377,143
378,204
379,276
380,346
381,417
382,486
383,547
384,598
385,636
386,662
387,678
388,673
389,653
390,617
391,573
392,519
393,451
394,379
395,309
396,238
397,170
398,113
399,68
400,32
401,12
402,3
403,18
404,45
405,85
406,136
407,196
408,267
409,339
410,408
411,479
412,541
413,595
414,632
415,661
416,677
417,675
418,654
419,622
420,579
421,526
422,459
423,389
424,319
425,248
426,177
427,122
428,74
429,39
430,15
431,4
432,19
433,45
434,81
435,133
436,191
437,263
438,333
439,404
440,473
441,539
442,590
443,631
444,661
445,679
446,678
447,660
448,629
449,588
450,533
451,469
452,398
453,328
454,256
455,186
456,128
457,79
458,41
459,18
460,4
461,17
462,40
463,77
464,127
465,184
466,254
467,326
468,395
469,466
470,531
471,585
472,626
473,659
474,676
475,679
476,661
477,632
478,591
479,538
480,475
481,405
482,333
483,263
484,192
485,134
486,81
487,44
488,18
489,5
490,13
491,37
492,72
493,120
494,176
495,246
496,317
497,388
498,457
499,524
500,577
501,622
502,653
503,674
504,679
505,663
506,633
507,595
508,544
509,482
510,411
511,341
0,615
1,555
2,494
3,425
4,355
5,284
6,212
7,149
8,95
9,56
10,24
11,8
12,10
13,29
14,61
15,104
16,159
17,226
18,296
19,367
20,437
21,507
22,562
23,611
24,646
25,670
26,681
27,669
28,644
29,609
30,559
31,502
32,432
33,363
34,290
35,220
36,155
37,101
38,57
39,26
40,8
41,8
42,25
43,56
44,98
45,153
46,216
47,288
48,358
49,429
50,498
51,556
52,606
53,642
54,666
55,680
56,670
57,647
58,611
59,564
60,509
61,440
62,368
63,298
64,227
65,161
66,104
67,61
68,28
69,10
70,5
71,22
72,52
73,92
74,145
75,208
76,279
77,350
78,420
79,490
80,550
81,601
82,636
83,664
84,678
85,672
86,648
87,615
88,570
89,516
90,446
91,376
92,305
93,235
94,166
95,111
96,66
97,33
98,11
99,5
100,21
101,49
102,88
103,141
104,202
105,274
106,344
107,415
108,485
109,547
110,598
111,636
112,664
113,680
114,675
115,655
116,622
117,579
118,524
119,457
120,387
121,317
122,245
123,176
124,120
125,73
126,37
127,15
128,6
129,21
130,46
131,84
132,136
133,196
134,266
135,337
136,407
137,477
138,540
139,593
140,633
141,662
142,678
143,677
144,658
145,626
146,583
147,530
148,463
149,395
150,322
151,252
152,182
153,125
154,75
155,39
156,16
157,4
158,17
159,42
160,79
161,129
162,186
163,257
164,328
165,399
166,468
167,534
168,586
169,628
170,658
171,677
172,677
173,660
174,628
175,589
176,535
177,472
178,400
179,330
180,259
181,189
182,129
183,79
184,42
185,18
186,3
187,14
188,37
189,74
190,121
191,179
192,249
193,320
194,390
195,462
196,527
197,580
198,622
199,655
200,673
201,679
202,660
203,631
204,593
205,541
206,477
207,408
208,337
209,267
210,195
211,135
212,83
213,46
214,18
215,4
216,12
217,34
218,68
219,115
220,171
221,241
222,310
223,382
224,451
225,520
226,573
227,617
228,651
229,671
230,677
231,663
232,635
233,599
234,546
235,485
236,415
237,346
238,273
239,203
240,142
241,89
242,49
243,21
244,6
245,12
246,31
247,66
248,110
249,167
250,233
251,305
252,376
253,446
254,514
255,570
256,616
257,651
258,672
259,683
260,669
261,642
262,604
263,555
264,495
265,427
266,354
267,285
268,214
269,151
270,95
271,55
272,26
273,10
274,10
275,30
276,63
277,106
278,161
279,227
280,298
281,370
282,438
283,508
284,565
285,613
286,646
287,671
288,688
289,669
290,644
291,609
292,559
293,503
294,431
295,361
296,291
297,220
298,154
299,100
300,59
301,28
302,9
303,9
304,26
305,58
306,99
307,154
308,218
309,290
310,360
311,431
312,500
313,558
314,606
315,642
316,667
317,681
318,670
319,647
320,612
321,565
322,508
323,439
324,368
325,298
326,226
327,160
328,105
329,62
330,28
331,9
332,6
333,24
334,52
335,93
336,147
337,210
338,280
339,352
340,422
341,492
342,550
343,602
344,638
345,665
346,678
347,671
348,649
349,615
350,568
351,515
352,445
353,376
354,304
355,233
356,165
357,111
358,64
359,31
360,10
361,5
362,20
363,48
364,87
365,141
366,201
367,272
368,343
369,414
370,483
371,545
372,596
373,635
374,661
375,677
376,673
377,653
378,619
379,575
380,520
381,454
382,382
383,313
384,242
385,173
386,116
387,70
388,34
389,14
390,4
391,19
392,46
393,85
394,136
395,196
396,267
397,339
398,408
399,477
400,542
401,595
402,632
403,663
404,679
405,677
406,658
407,625
408,584
409,531
410,463
411,394
412,323
413,252
414,181
415,124
416,76
417,41
418,16
419,5
420,18
421,44
422,80
423,131
424,189
425,260
426,330
427,401
428,471
429,536
430,588
431,629
432,659
433,678
434,677
435,661
436,629
437,589
438,534
439,471
440,400
441,330
442,258
443,187
444,129
445,80
446,42
447,17
448,4
449,16
450,38
451,75
452,124
453,182
454,251
455,322
456,393
457,463
458,528
459,581
460,624
461,657
462,675
463,679
464,661
465,632
466,592
467,539
468,477
469,407
470,336
471,265
472,194
473,136
474,83
475,45
476,19
477,5
478,12
479,35
480,70
481,118
482,173
483,242
484,313
485,384
486,453
487,521
488,575
489,620
490,652
491,673
492,679
493,664
494,634
495,597
496,545
497,485
498,413
499,343
500,272
501,202
502,139
503,87
504,48
505,21
506,4
507,10
508,31
509,66
510,110
511,166
0,476
1,358
2,288
3,217
4,153
5,98
6,58
7,25
8,8
9,8
10,27
11,58
12,100
13,155
14,220
15,290
16,361
17,432
18,501
19,558
20,608
21,643
22,669
23,680
24,669
25,645
26,612
27,562
28,506
29,438
30,367
31,295
32,224
33,158
34,104
35,60
36,27
37,9
38,7
39,23
40,54
41,94
42,149
43,211
44,282
45,353
46,424
47,493
48,552
49,603
50,639
51,664
52,679
53,670
54,649
55,613
56,568
57,512
58,444
59,373
60,302
61,231
62,164
63,108
64,64
65,30
66,11
67,4
68,21
69,49
70,90
71,142
72,204
73,275
74,346
75,416
76,486
77,547
78,600
79,635
80,664
81,679
82,675
83,653
84,619
85,575
86,522
87,453
88,383
89,313
90,243
91,172
92,117
93,71
94,37
95,14
96,6
97,21
98,49
99,86
100,139
101,199
102,270
103,340
104,411
105,481
106,544
107,595
108,634
109,663
110,680
111,676
112,657
113,624
114,582
115,527
116,461
117,391
118,321
119,248
120,179
121,123
122,75
123,38
124,15
125,4
126,19
127,43
128,81
129,131
130,190
131,260
132,331
133,402
134,473
135,536
136,589
137,629
138,661
139,676
140,677
141,659
142,628
143,586
144,533
145,468
146,399
147,327
148,257
149,186
150,129
151,77
152,41
153,17
154,4
155,15
156,39
157,76
158,125
159,182
160,252
161,323
162,394
163,463
164,529
165,582
166,625
167,656
168,675
169,677
170,661
171,630
172,591
173,539
174,476
175,404
176,334
177,263
178,193
179,133
180,82
181,44
182,19
183,3
184,13
185,35
186,71
187,117
188,174
189,243
190,315
191,385
192,455
193,522
194,578
195,619
196,652
197,673
198,679
199,662
200,633
201,595
202,544
203,481
204,412
205,341
206,271
207,199
208,138
209,85
210,48
211,19
212,5
213,11
214,33
215,66
216,112
217,168
218,236
219,306
220,378
221,448
222,517
223,571
224,617
225,650
226,673
227,680
228,666
229,639
230,604
231,552
232,492
233,423
234,353
235,281
236,210
237,147
238,95
239,54
240,25
241,9
242,13
243,31
244,65
245,108
246,165
247,230
248,301
249,372
250,443
251,510
252,567
253,615
254,649
255,671
256,682
257,669
258,644
259,608
260,558
261,500
262,431
263,359
264,288
265,217
266,154
267,98
268,57
269,26
270,10
271,9
272,28
273,59
274,102
275,156
276,221
277,293
278,364
279,433
280,502
281,560
282,609
283,643
284,669
285,681
286,671
287,646
288,610
289,563
290,507
291,436
292,366
293,295
294,225
295,158
296,103
297,60
298,29
299,9
300,7
301,24
302,55
303,95
304,150
305,213
306,285
307,354
308,425
309,495
310,554
311,603
312,639
313,665
314,680
315,670
316,649
317,614
318,568
319,512
320,443
321,373
322,303
323,230
324,164
325,108
326,64
327,30
328,10
329,5
330,22
331,50
332,89
333,143
334,205
335,275
336,346
337,417
338,487
339,546
340,598
341,635
342,663
343,677
344,673
345,651
346,618
347,572
348,518
349,451
350,381
351,309
352,238
353,170
354,115
355,67
356,33
357,12
358,5
359,19
360,46
361,85
362,138
363,197
364,269
365,340
366,411
367,479
368,543
369,595
370,633
371,662
372,679
373,676
374,657
375,623
376,581
377,527
378,461
379,389
380,320
381,249
382,180
383,122
384,75
385,39
386,17
387,5
388,20
389,45
390,84
391,133
392,191
393,263
394,334
395,403
396,474
397,538
398,591
399,630
400,661
401,680
402,679
403,659
404,628
405,587
406,534
407,468
408,397
409,327
410,257
411,185
412,128
413,78
414,42
415,17
416,4
417,16
418,41
419,76
420,126
421,183
422,254
423,324
424,395
425,465
426,531
427,583
428,625
429,657
430,676
431,678
432,661
433,631
434,592
435,538
436,475
437,405
438,335
439,263
440,192
441,133
442,83
443,44
444,18
445,4
446,14
447,35
448,72
449,119
450,176
451,245
452,316
453,387
454,457
455,523
456,577
457,621
458,654
459,673
460,679
461,663
462,635
463,595
464,543
465,482
466,413
467,341
468,271
469,199
470,139
471,85
472,47
473,20
474,5
475,11
476,32
477,67
478,113
479,167
480,236
481,307
482,379
483,447
484,515
485,570
486,617
487,649
488,671
489,678
490,665
491,636
492,600
493,549
494,489
495,418
496,349
497,277
498,207
499,144
500,90
501,51
502,23
503